2024/05/03 08:15,01F0017N,01F0005N,31,86,69
2024/05/03 08:15,01F0017N,01F0005N,32,82,15
2024/05/03 08:15,01F0017N,01F0005N,41,75,7
2024/05/03 08:15,01F0017N,01F0005N,42,0,0
2024/05/03 08:15,01F0017N,01F0005N,5,0,0
2024/05/03 08:15,01F0029N,01F0017N,31,90,90
2024/05/03 08:15,01F0029N,01F0017N,32,90,23
2024/05/03 08:15,01F0029N,01F0017N,41,82,8
2024/05/03 08:15,01F0029N,01F0017N,42,0,0
2024/05/03 08:15,01F0029N,01F0017N,5,0,0
2024/05/03 08:15,01F0005S,01F0017S,31,90,77
2024/05/03 08:15,01F0005S,01F0017S,32,86,21
2024/05/03 08:15,01F0005S,01F0017S,41,77,2
2024/05/03 08:15,01F0005S,01F0017S,42,68,1
2024/05/03 08:15,01F0005S,01F0017S,5,0,0
2024/05/03 08:15,01F0061N,01F0029N,31,93,104
2024/05/03 08:15,01F0061N,01F0029N,32,90,28
2024/05/03 08:15,01F0061N,01F0029N,41,88,14
2024/05/03 08:15,01F0061N,01F0029N,42,0,0
2024/05/03 08:15,01F0061N,01F0029N,5,77,4
2024/05/03 08:15,01F0017S,01F0029S,31,90,106
2024/05/03 08:15,01F0017S,01F0029S,32,88,30
2024/05/03 08:15,01F0017S,01F0029S,41,86,4
2024/05/03 08:15,01F0017S,01F0029S,42,72,4
2024/05/03 08:15,01F0017S,01F0029S,5,81,2
2024/05/03 08:15,01F0099N,01F0061N,31,90,135
2024/05/03 08:15,01F0099N,01F0061N,32,86,46
2024/05/03 08:15,01F0099N,01F0061N,41,81,12
2024/05/03 08:15,01F0099N,01F0061N,42,61,3
2024/05/03 08:15,01F0099N,01F0061N,5,82,5
2024/05/03 08:15,01F0029S,01F0061S,31,93,123
2024/05/03 08:15,01F0029S,01F0061S,32,86,39
2024/05/03 08:15,01F0029S,01F0061S,41,90,6
2024/05/03 08:15,01F0029S,01F0061S,42,79,8
2024/05/03 08:15,01F0029S,01F0061S,5,86,1
2024/05/03 08:15,01F0147N,01F0099N,31,93,63
2024/05/03 08:15,01F0147N,01F0099N,32,90,21
2024/05/03 08:15,01F0147N,01F0099N,41,84,4
2024/05/03 08:15,01F0147N,01F0099N,42,82,7
2024/05/03 08:15,01F0147N,01F0099N,5,86,1
2024/05/03 08:15,01H0174N,01F0099N,31,104,22
2024/05/03 08:15,01H0174N,01F0099N,32,97,14
2024/05/03 08:15,01H0174N,01F0099N,41,100,5
2024/05/03 08:15,01H0174N,01F0099N,42,0,0
2024/05/03 08:15,01H0174N,01F0099N,5,0,0
2024/05/03 08:15,03F0087S,01F0099N,31,3,2
2024/05/03 08:15,03F0087S,01F0099N,32,10,1
2024/05/03 08:15,03F0087S,01F0099N,41,0,0
2024/05/03 08:15,03F0087S,01F0099N,42,64,1
2024/05/03 08:15,03F0087S,01F0099N,5,0,0
2024/05/03 08:15,03F0116N,01F0099N,31,79,42
2024/05/03 08:15,03F0116N,01F0099N,32,79,19
2024/05/03 08:15,03F0116N,01F0099N,41,75,2
2024/05/03 08:15,03F0116N,01F0099N,42,0,0
2024/05/03 08:15,03F0116N,01F0099N,5,72,2
2024/05/03 08:15,01F0061S,01F0099S,31,39,208
2024/05/03 08:15,01F0061S,01F0099S,32,39,74
2024/05/03 08:15,01F0061S,01F0099S,41,39,14
2024/05/03 08:15,01F0061S,01F0099S,42,39,10
2024/05/03 08:15,01F0061S,01F0099S,5,39,6
2024/05/03 08:15,01F0153N,01F0147N,31,90,169
2024/05/03 08:15,01F0153N,01F0147N,32,90,46
2024/05/03 08:15,01F0153N,01F0147N,41,79,6
2024/05/03 08:15,01F0153N,01F0147N,42,82,4
2024/05/03 08:15,01F0153N,01F0147N,5,88,8
2024/05/03 08:15,01F0099S,01F0147S,31,28,117
2024/05/03 08:15,01F0099S,01F0147S,32,28,34
2024/05/03 08:15,01F0099S,01F0147S,41,28,6
2024/05/03 08:15,01F0099S,01F0147S,42,25,6
2024/05/03 08:15,01F0099S,01F0147S,5,25,4
2024/05/03 08:15,03F0087S,01F0147S,31,36,58
2024/05/03 08:15,03F0087S,01F0147S,32,36,14
2024/05/03 08:15,03F0087S,01F0147S,41,36,1
2024/05/03 08:15,03F0087S,01F0147S,42,36,1
2024/05/03 08:15,03F0087S,01F0147S,5,36,4
2024/05/03 08:15,03F0116N,01F0147S,31,21,12
2024/05/03 08:15,03F0116N,01F0147S,32,25,4
2024/05/03 08:15,03F0116N,01F0147S,41,21,2
2024/05/03 08:15,03F0116N,01F0147S,42,21,7
2024/05/03 08:15,03F0116N,01F0147S,5,23,2
2024/05/03 08:15,01F0213N,01F0153N,31,72,115
2024/05/03 08:15,01F0213N,01F0153N,32,68,39
2024/05/03 08:15,01F0213N,01F0153N,41,70,4
2024/05/03 08:15,01F0213N,01F0153N,42,72,1
2024/05/03 08:15,01F0213N,01F0153N,5,68,7
2024/05/03 08:15,01F0147S,01F0153S,31,28,224
2024/05/03 08:15,01F0147S,01F0153S,32,28,61
2024/05/03 08:15,01F0147S,01F0153S,41,25,11
2024/05/03 08:15,01F0147S,01F0153S,42,28,18
2024/05/03 08:15,01F0147S,01F0153S,5,28,12
2024/05/03 08:15,01F0153S,01F0182S,31,61,156
2024/05/03 08:15,01F0153S,01F0182S,32,61,49
2024/05/03 08:15,01F0153S,01F0182S,41,61,4
2024/05/03 08:15,01F0153S,01F0182S,42,55,12
2024/05/03 08:15,01F0153S,01F0182S,5,57,11
2024/05/03 08:15,01F0233N,01F0213N,31,61,168
2024/05/03 08:15,01F0233N,01F0213N,32,61,40
2024/05/03 08:15,01F0233N,01F0213N,41,57,2
2024/05/03 08:15,01F0233N,01F0213N,42,57,12
2024/05/03 08:15,01F0233N,01F0213N,5,59,10
2024/05/03 08:15,01F0256N,01F0233N,31,32,259
2024/05/03 08:15,01F0256N,01F0233N,32,32,112
2024/05/03 08:15,01F0256N,01F0233N,41,36,3
2024/05/03 08:15,01F0256N,01F0233N,42,32,17
2024/05/03 08:15,01F0256N,01F0233N,5,36,9
2024/05/03 08:15,01F0182S,01F0248S,31,68,178
2024/05/03 08:15,01F0182S,01F0248S,32,68,48
2024/05/03 08:15,01F0182S,01F0248S,41,68,3
2024/05/03 08:15,01F0182S,01F0248S,42,72,11
2024/05/03 08:15,01F0182S,01F0248S,5,66,16
2024/05/03 08:15,01F0293N,01F0256N,31,14,196
2024/05/03 08:15,01F0293N,01F0256N,32,14,58
2024/05/03 08:15,01F0293N,01F0256N,41,18,17
2024/05/03 08:15,01F0293N,01F0256N,42,14,11
2024/05/03 08:15,01F0293N,01F0256N,5,14,19
2024/05/03 08:15,01F0248S,01F0264S,31,97,209
2024/05/03 08:15,01F0248S,01F0264S,32,90,51
2024/05/03 08:15,01F0248S,01F0264S,41,93,3
2024/05/03 08:15,01F0248S,01F0264S,42,86,14
2024/05/03 08:15,01F0248S,01F0264S,5,86,15
2024/05/03 08:15,01F0340N,01F0293N,31,64,186
2024/05/03 08:15,01F0340N,01F0293N,32,64,50
2024/05/03 08:15,01F0340N,01F0293N,41,61,5
2024/05/03 08:15,01F0340N,01F0293N,42,54,5
2024/05/03 08:15,01F0340N,01F0293N,5,61,3
2024/05/03 08:15,01F0264S,01F0293S,31,97,255
2024/05/03 08:15,01F0264S,01F0293S,32,93,48
2024/05/03 08:15,01F0264S,01F0293S,41,90,13
2024/05/03 08:15,01F0264S,01F0293S,42,82,11
2024/05/03 08:15,01F0264S,01F0293S,5,82,18
2024/05/03 08:15,01F0293S,01F0339S,31,93,216
2024/05/03 08:15,01F0293S,01F0339S,32,90,45
2024/05/03 08:15,01F0293S,01F0339S,41,86,13
2024/05/03 08:15,01F0293S,01F0339S,42,86,8
2024/05/03 08:15,01F0293S,01F0339S,5,84,10
2024/05/03 08:15,01H0305S,01F0339S,31,93,101
2024/05/03 08:15,01H0305S,01F0339S,32,90,44
2024/05/03 08:15,01H0305S,01F0339S,41,81,2
2024/05/03 08:15,01H0305S,01F0339S,42,64,1
2024/05/03 08:15,01H0305S,01F0339S,5,0,0
2024/05/03 08:15,01F0376N,01F0340N,31,32,360
2024/05/03 08:15,01F0376N,01F0340N,32,28,98
2024/05/03 08:15,01F0376N,01F0340N,41,28,19
2024/05/03 08:15,01F0376N,01F0340N,42,32,25
2024/05/03 08:15,01F0376N,01F0340N,5,18,7
2024/05/03 08:15,01H0447N,01F0340N,31,77,86
2024/05/03 08:15,01H0447N,01F0340N,32,64,32
2024/05/03 08:15,01H0447N,01F0340N,41,75,5
2024/05/03 08:15,01H0447N,01F0340N,42,0,0
2024/05/03 08:15,01H0447N,01F0340N,5,0,0
2024/05/03 08:15,01F0413N,01F0376N,31,50,187
2024/05/03 08:15,01F0413N,01F0376N,32,50,61
2024/05/03 08:15,01F0413N,01F0376N,41,50,8
2024/05/03 08:15,01F0413N,01F0376N,42,50,4
2024/05/03 08:15,01F0413N,01F0376N,5,50,5
2024/05/03 08:15,01F0339S,01F0376S,31,90,317
2024/05/03 08:15,01F0339S,01F0376S,32,86,119
2024/05/03 08:15,01F0339S,01F0376S,41,84,10
2024/05/03 08:15,01F0339S,01F0376S,42,82,18
2024/05/03 08:15,01F0339S,01F0376S,5,77,16
2024/05/03 08:15,01F0467N,01F0413N,31,54,200
2024/05/03 08:15,01F0467N,01F0413N,32,50,48
2024/05/03 08:15,01F0467N,01F0413N,41,50,9
2024/05/03 08:15,01F0467N,01F0413N,42,48,12
2024/05/03 08:15,01F0467N,01F0413N,5,50,5
2024/05/03 08:15,01F0376S,01F0413S,31,90,142
2024/05/03 08:15,01F0376S,01F0413S,32,84,60
2024/05/03 08:15,01F0376S,01F0413S,41,79,2
2024/05/03 08:15,01F0376S,01F0413S,42,72,10
2024/05/03 08:15,01F0376S,01F0413S,5,64,8
2024/05/03 08:15,01F0492N,01F0467N,31,93,175
2024/05/03 08:15,01F0492N,01F0467N,32,90,50
2024/05/03 08:15,01F0492N,01F0467N,41,86,2
2024/05/03 08:15,01F0492N,01F0467N,42,86,17
2024/05/03 08:15,01F0492N,01F0467N,5,90,11
2024/05/03 08:15,01F0413S,01F0467S,31,97,182
2024/05/03 08:15,01F0413S,01F0467S,32,90,76
2024/05/03 08:15,01F0413S,01F0467S,41,77,10
2024/05/03 08:15,01F0413S,01F0467S,42,79,15
2024/05/03 08:15,01F0413S,01F0467S,5,86,8
2024/05/03 08:15,01F0511N,01F0492N,31,90,160
2024/05/03 08:15,01F0511N,01F0492N,32,86,56
2024/05/03 08:15,01F0511N,01F0492N,41,77,2
2024/05/03 08:15,01F0511N,01F0492N,42,75,18
2024/05/03 08:15,01F0511N,01F0492N,5,75,9
2024/05/03 08:15,01F0467S,01F0492S,31,97,180
2024/05/03 08:15,01F0467S,01F0492S,32,93,73
2024/05/03 08:15,01F0467S,01F0492S,41,86,5
2024/05/03 08:15,01F0467S,01F0492S,42,86,21
2024/05/03 08:15,01F0467S,01F0492S,5,90,9
2024/05/03 08:15,01F0532N,01F0511N,31,68,235
2024/05/03 08:15,01F0532N,01F0511N,32,68,63
2024/05/03 08:15,01F0532N,01F0511N,41,64,3
2024/05/03 08:15,01F0532N,01F0511N,42,61,17
2024/05/03 08:15,01F0532N,01F0511N,5,54,11
2024/05/03 08:15,03F0525S,01F0511N,31,61,10
2024/05/03 08:15,03F0525S,01F0511N,32,61,11
2024/05/03 08:15,03F0525S,01F0511N,41,0,0
2024/05/03 08:15,03F0525S,01F0511N,42,0,0
2024/05/03 08:15,03F0525S,01F0511N,5,0,0
2024/05/03 08:15,03F0559N,01F0511N,31,59,24
2024/05/03 08:15,03F0559N,01F0511N,32,61,7
2024/05/03 08:15,03F0559N,01F0511N,41,0,0
2024/05/03 08:15,03F0559N,01F0511N,42,0,0
2024/05/03 08:15,03F0559N,01F0511N,5,0,0
2024/05/03 08:15,01F0492S,01F0511S,31,93,169
2024/05/03 08:15,01F0492S,01F0511S,32,90,67
2024/05/03 08:15,01F0492S,01F0511S,41,90,5
2024/05/03 08:15,01F0492S,01F0511S,42,81,24
2024/05/03 08:15,01F0492S,01F0511S,5,86,9
2024/05/03 08:15,01F0532S,01F0532N,31,5,2
2024/05/03 08:15,01F0532S,01F0532N,32,3,1
2024/05/03 08:15,01F0532S,01F0532N,41,0,0
2024/05/03 08:15,01F0532S,01F0532N,42,0,0
2024/05/03 08:15,01F0532S,01F0532N,5,3,1
2024/05/03 08:15,01F0557N,01F0532N,31,79,327
2024/05/03 08:15,01F0557N,01F0532N,32,79,103
2024/05/03 08:15,01F0557N,01F0532N,41,75,4
2024/05/03 08:15,01F0557N,01F0532N,42,75,32
2024/05/03 08:15,01F0557N,01F0532N,5,75,15
2024/05/03 08:15,01F0511S,01F0532S,31,68,194
2024/05/03 08:15,01F0511S,01F0532S,32,64,69
2024/05/03 08:15,01F0511S,01F0532S,41,63,8
2024/05/03 08:15,01F0511S,01F0532S,42,61,21
2024/05/03 08:15,01F0511S,01F0532S,5,61,13
2024/05/03 08:15,03F0525S,01F0532S,31,54,14
2024/05/03 08:15,03F0525S,01F0532S,32,55,2
2024/05/03 08:15,03F0525S,01F0532S,41,0,0
2024/05/03 08:15,03F0525S,01F0532S,42,0,0
2024/05/03 08:15,03F0525S,01F0532S,5,46,2
2024/05/03 08:15,03F0559N,01F0532S,31,50,2
2024/05/03 08:15,03F0559N,01F0532S,32,0,0
2024/05/03 08:15,03F0559N,01F0532S,41,0,0
2024/05/03 08:15,03F0559N,01F0532S,42,0,0
2024/05/03 08:15,03F0559N,01F0532S,5,0,0
2024/05/03 08:15,01F0584N,01F0557N,31,90,197
2024/05/03 08:15,01F0584N,01F0557N,32,86,79
2024/05/03 08:15,01F0584N,01F0557N,41,75,6
2024/05/03 08:15,01F0584N,01F0557N,42,82,23
2024/05/03 08:15,01F0584N,01F0557N,5,84,14
2024/05/03 08:15,01F0532S,01F0557S,31,43,278
2024/05/03 08:15,01F0532S,01F0557S,32,39,88
2024/05/03 08:15,01F0532S,01F0557S,41,43,7
2024/05/03 08:15,01F0532S,01F0557S,42,39,38
2024/05/03 08:15,01F0532S,01F0557S,5,39,18
2024/05/03 08:15,01F0557N,01F0557S,31,0,10
2024/05/03 08:15,01F0557N,01F0557S,32,39,3
2024/05/03 08:15,01F0557N,01F0557S,41,0,0
2024/05/03 08:15,01F0557N,01F0557S,42,0,0
2024/05/03 08:15,01F0557N,01F0557S,5,0,0
2024/05/03 08:15,01F0557S,01F0578S,31,72,190
2024/05/03 08:15,01F0557S,01F0578S,32,72,73
2024/05/03 08:15,01F0557S,01F0578S,41,61,4
2024/05/03 08:15,01F0557S,01F0578S,42,68,33
2024/05/03 08:15,01F0557S,01F0578S,5,70,12
2024/05/03 08:15,01F0633N,01F0584N,31,64,141
2024/05/03 08:15,01F0633N,01F0584N,32,61,56
2024/05/03 08:15,01F0633N,01F0584N,41,54,3
2024/05/03 08:15,01F0633N,01F0584N,42,54,40
2024/05/03 08:15,01F0633N,01F0584N,5,54,19
2024/05/03 08:15,01H0608N,01F0584N,31,82,76
2024/05/03 08:15,01H0608N,01F0584N,32,79,26
2024/05/03 08:15,01H0608N,01F0584N,41,79,1
2024/05/03 08:15,01H0608N,01F0584N,42,0,0
2024/05/03 08:15,01H0608N,01F0584N,5,0,0
2024/05/03 08:15,01F0664N,01F0633N,31,97,144
2024/05/03 08:15,01F0664N,01F0633N,32,93,39
2024/05/03 08:15,01F0664N,01F0633N,41,0,0
2024/05/03 08:15,01F0664N,01F0633N,42,90,25
2024/05/03 08:15,01F0664N,01F0633N,5,88,6
2024/05/03 08:15,01F0578S,01F0633S,31,72,117
2024/05/03 08:15,01F0578S,01F0633S,32,68,65
2024/05/03 08:15,01F0578S,01F0633S,41,64,8
2024/05/03 08:15,01F0578S,01F0633S,42,61,22
2024/05/03 08:15,01F0578S,01F0633S,5,64,15
2024/05/03 08:15,01H0579S,01F0633S,31,75,45
2024/05/03 08:15,01H0579S,01F0633S,32,75,25
2024/05/03 08:15,01H0579S,01F0633S,41,75,3
2024/05/03 08:15,01H0579S,01F0633S,42,0,0
2024/05/03 08:15,01H0579S,01F0633S,5,0,0
2024/05/03 08:15,01F0681N,01F0664N,31,100,172
2024/05/03 08:15,01F0681N,01F0664N,32,97,39
2024/05/03 08:15,01F0681N,01F0664N,41,75,1
2024/05/03 08:15,01F0681N,01F0664N,42,82,26
2024/05/03 08:15,01F0681N,01F0664N,5,84,14
2024/05/03 08:15,01F0633S,01F0664S,31,72,206
2024/05/03 08:15,01F0633S,01F0664S,32,72,66
2024/05/03 08:15,01F0633S,01F0664S,41,72,8
2024/05/03 08:15,01F0633S,01F0664S,42,68,11
2024/05/03 08:15,01F0633S,01F0664S,5,64,11
2024/05/03 08:15,01F0699N,01F0681N,31,97,64
2024/05/03 08:15,01F0699N,01F0681N,32,97,22
2024/05/03 08:15,01F0699N,01F0681N,41,86,1
2024/05/03 08:15,01F0699N,01F0681N,42,82,16
2024/05/03 08:15,01F0699N,01F0681N,5,86,14
2024/05/03 08:15,01F0664S,01F0681S,31,88,248
2024/05/03 08:15,01F0664S,01F0681S,32,86,72
2024/05/03 08:15,01F0664S,01F0681S,41,81,4
2024/05/03 08:15,01F0664S,01F0681S,42,79,17
2024/05/03 08:15,01F0664S,01F0681S,5,77,16
2024/05/03 08:15,01F0750N,01F0699N,31,104,93
2024/05/03 08:15,01F0750N,01F0699N,32,100,30
2024/05/03 08:15,01F0750N,01F0699N,41,93,3
2024/05/03 08:15,01F0750N,01F0699N,42,93,14
2024/05/03 08:15,01F0750N,01F0699N,5,88,18
2024/05/03 08:15,01F0681S,01F0699S,31,90,158
2024/05/03 08:15,01F0681S,01F0699S,32,90,46
2024/05/03 08:15,01F0681S,01F0699S,41,82,3
2024/05/03 08:15,01F0681S,01F0699S,42,75,17
2024/05/03 08:15,01F0681S,01F0699S,5,75,13
2024/05/03 08:15,01F0880N,01F0750N,31,100,135
2024/05/03 08:15,01F0880N,01F0750N,32,97,39
2024/05/03 08:15,01F0880N,01F0750N,41,82,6
2024/05/03 08:15,01F0880N,01F0750N,42,86,16
2024/05/03 08:15,01F0880N,01F0750N,5,75,9
2024/05/03 08:15,01F0699S,01F0750S,31,90,214
2024/05/03 08:15,01F0699S,01F0750S,32,86,50
2024/05/03 08:15,01F0699S,01F0750S,41,82,3
2024/05/03 08:15,01F0699S,01F0750S,42,82,27
2024/05/03 08:15,01F0699S,01F0750S,5,79,11
2024/05/03 08:15,01H0610S,01F0750S,31,86,175
2024/05/03 08:15,01H0610S,01F0750S,32,86,47
2024/05/03 08:15,01H0610S,01F0750S,41,86,8
2024/05/03 08:15,01H0610S,01F0750S,42,0,0
2024/05/03 08:15,01H0610S,01F0750S,5,0,0
2024/05/03 08:15,01F0928N,01F0880N,31,68,171
2024/05/03 08:15,01F0928N,01F0880N,32,68,51
2024/05/03 08:15,01F0928N,01F0880N,41,64,11
2024/05/03 08:15,01F0928N,01F0880N,42,64,18
2024/05/03 08:15,01F0928N,01F0880N,5,64,6
2024/05/03 08:15,01F0750S,01F0880S,31,79,225
2024/05/03 08:15,01F0750S,01F0880S,32,79,80
2024/05/03 08:15,01F0750S,01F0880S,41,72,7
2024/05/03 08:15,01F0750S,01F0880S,42,75,14
2024/05/03 08:15,01F0750S,01F0880S,5,75,12
2024/05/03 08:15,01F0956N,01F0928N,31,82,143
2024/05/03 08:15,01F0956N,01F0928N,32,82,48
2024/05/03 08:15,01F0956N,01F0928N,41,72,11
2024/05/03 08:15,01F0956N,01F0928N,42,75,19
2024/05/03 08:15,01F0956N,01F0928N,5,70,16
2024/05/03 08:15,01F0880S,01F0928S,31,90,224
2024/05/03 08:15,01F0880S,01F0928S,32,86,65
2024/05/03 08:15,01F0880S,01F0928S,41,82,12
2024/05/03 08:15,01F0880S,01F0928S,42,82,15
2024/05/03 08:15,01F0880S,01F0928S,5,79,11
2024/05/03 08:15,01F0928S,01F0950S,31,93,131
2024/05/03 08:15,01F0928S,01F0950S,32,90,42
2024/05/03 08:15,01F0928S,01F0950S,41,82,7
2024/05/03 08:15,01F0928S,01F0950S,42,82,16
2024/05/03 08:15,01F0928S,01F0950S,5,82,8
2024/05/03 08:15,01F0979N,01F0956N,31,90,144
2024/05/03 08:15,01F0979N,01F0956N,32,86,67
2024/05/03 08:15,01F0979N,01F0956N,41,75,9
2024/05/03 08:15,01F0979N,01F0956N,42,75,21
2024/05/03 08:15,01F0979N,01F0956N,5,72,14
2024/05/03 08:15,01F1045N,01F0979N,31,90,227
2024/05/03 08:15,01F1045N,01F0979N,32,90,68
2024/05/03 08:15,01F1045N,01F0979N,41,86,7
2024/05/03 08:15,01F1045N,01F0979N,42,79,17
2024/05/03 08:15,01F1045N,01F0979N,5,79,10
2024/05/03 08:15,03F0996S,01F0979N,31,21,49
2024/05/03 08:15,03F0996S,01F0979N,32,21,14
2024/05/03 08:15,03F0996S,01F0979N,41,0,0
2024/05/03 08:15,03F0996S,01F0979N,42,25,1
2024/05/03 08:15,03F0996S,01F0979N,5,0,0
2024/05/03 08:15,03F1022N,01F0979N,31,18,84
2024/05/03 08:15,03F1022N,01F0979N,32,18,35
2024/05/03 08:15,03F1022N,01F0979N,41,16,4
2024/05/03 08:15,03F1022N,01F0979N,42,18,16
2024/05/03 08:15,03F1022N,01F0979N,5,14,4
2024/05/03 08:15,01F0950S,01F0980S,31,97,125
2024/05/03 08:15,01F0950S,01F0980S,32,90,45
2024/05/03 08:15,01F0950S,01F0980S,41,93,9
2024/05/03 08:15,01F0950S,01F0980S,42,84,16
2024/05/03 08:15,01F0950S,01F0980S,5,86,7
2024/05/03 08:15,01F1123N,01F1045N,31,100,118
2024/05/03 08:15,01F1123N,01F1045N,32,100,50
2024/05/03 08:15,01F1123N,01F1045N,41,93,5
2024/05/03 08:15,01F1123N,01F1045N,42,90,11
2024/05/03 08:15,01F1123N,01F1045N,5,84,4
2024/05/03 08:15,01F0980S,01F1045S,31,100,120
2024/05/03 08:15,01F0980S,01F1045S,32,97,33
2024/05/03 08:15,01F0980S,01F1045S,41,93,9
2024/05/03 08:15,01F0980S,01F1045S,42,86,5
2024/05/03 08:15,01F0980S,01F1045S,5,82,3
2024/05/03 08:15,03F0996S,01F1045S,31,90,42
2024/05/03 08:15,03F0996S,01F1045S,32,86,19
2024/05/03 08:15,03F0996S,01F1045S,41,90,2
2024/05/03 08:15,03F0996S,01F1045S,42,79,3
2024/05/03 08:15,03F0996S,01F1045S,5,81,2
2024/05/03 08:15,03F1022N,01F1045S,31,79,5
2024/05/03 08:15,03F1022N,01F1045S,32,90,2
2024/05/03 08:15,03F1022N,01F1045S,41,0,0
2024/05/03 08:15,03F1022N,01F1045S,42,7,1
2024/05/03 08:15,03F1022N,01F1045S,5,0,0
2024/05/03 08:15,01F1292N,01F1123N,31,104,115
2024/05/03 08:15,01F1292N,01F1123N,32,100,40
2024/05/03 08:15,01F1292N,01F1123N,41,93,4
2024/05/03 08:15,01F1292N,01F1123N,42,82,21
2024/05/03 08:15,01F1292N,01F1123N,5,82,6
2024/05/03 08:15,01F1045S,01F1123S,31,104,118
2024/05/03 08:15,01F1045S,01F1123S,32,100,42
2024/05/03 08:15,01F1045S,01F1123S,41,93,11
2024/05/03 08:15,01F1045S,01F1123S,42,93,7
2024/05/03 08:15,01F1045S,01F1123S,5,90,6
2024/05/03 08:15,01F1389N,01F1292N,31,104,98
2024/05/03 08:15,01F1389N,01F1292N,32,100,59
2024/05/03 08:15,01F1389N,01F1292N,41,97,3
2024/05/03 08:15,01F1389N,01F1292N,42,86,14
2024/05/03 08:15,01F1389N,01F1292N,5,93,10
2024/05/03 08:15,01F1123S,01F1292S,31,104,126
2024/05/03 08:15,01F1123S,01F1292S,32,100,50
2024/05/03 08:15,01F1123S,01F1292S,41,93,5
2024/05/03 08:15,01F1123S,01F1292S,42,90,13
2024/05/03 08:15,01F1123S,01F1292S,5,93,3
2024/05/03 08:15,01F1465N,01F1389N,31,104,117
2024/05/03 08:15,01F1465N,01F1389N,32,100,51
2024/05/03 08:15,01F1465N,01F1389N,41,97,5
2024/05/03 08:15,01F1465N,01F1389N,42,93,14
2024/05/03 08:15,01F1465N,01F1389N,5,86,5
2024/05/03 08:15,01F1292S,01F1389S,31,100,95
2024/05/03 08:15,01F1292S,01F1389S,32,97,32
2024/05/03 08:15,01F1292S,01F1389S,41,97,9
2024/05/03 08:15,01F1292S,01F1389S,42,90,13
2024/05/03 08:15,01F1292S,01F1389S,5,91,2
2024/05/03 08:15,01F1572N,01F1465N,31,104,105
2024/05/03 08:15,01F1572N,01F1465N,32,97,61
2024/05/03 08:15,01F1572N,01F1465N,41,75,2
2024/05/03 08:15,01F1572N,01F1465N,42,77,12
2024/05/03 08:15,01F1572N,01F1465N,5,68,7
2024/05/03 08:15,01F1389S,01F1465S,31,104,117
2024/05/03 08:15,01F1389S,01F1465S,32,100,41
2024/05/03 08:15,01F1389S,01F1465S,41,97,5
2024/05/03 08:15,01F1389S,01F1465S,42,93,15
2024/05/03 08:15,01F1389S,01F1465S,5,93,4
2024/05/03 08:15,01F1621N,01F1572N,31,104,166
2024/05/03 08:15,01F1621N,01F1572N,32,100,64
2024/05/03 08:15,01F1621N,01F1572N,41,90,7
2024/05/03 08:15,01F1621N,01F1572N,42,86,15
2024/05/03 08:15,01F1621N,01F1572N,5,86,10
2024/05/03 08:15,01F1465S,01F1572S,31,104,79
2024/05/03 08:15,01F1465S,01F1572S,32,100,34
2024/05/03 08:15,01F1465S,01F1572S,41,97,1
2024/05/03 08:15,01F1465S,01F1572S,42,90,9
2024/05/03 08:15,01F1465S,01F1572S,5,90,5
2024/05/03 08:15,01F1664N,01F1621N,31,104,139
2024/05/03 08:15,01F1664N,01F1621N,32,100,67
2024/05/03 08:15,01F1664N,01F1621N,41,90,5
2024/05/03 08:15,01F1664N,01F1621N,42,90,11
2024/05/03 08:15,01F1664N,01F1621N,5,82,6
2024/05/03 08:15,03F1651S,01F1621N,31,0,0
2024/05/03 08:15,03F1651S,01F1621N,32,0,0
2024/05/03 08:15,03F1651S,01F1621N,41,0,0
2024/05/03 08:15,03F1651S,01F1621N,42,0,0
2024/05/03 08:15,03F1651S,01F1621N,5,0,0
2024/05/03 08:15,03F1710N,01F1621N,31,91,6
2024/05/03 08:15,03F1710N,01F1621N,32,90,3
2024/05/03 08:15,03F1710N,01F1621N,41,0,0
2024/05/03 08:15,03F1710N,01F1621N,42,0,0
2024/05/03 08:15,03F1710N,01F1621N,5,0,0
2024/05/03 08:15,01F1572S,01F1621S,31,104,90
2024/05/03 08:15,01F1572S,01F1621S,32,100,48
2024/05/03 08:15,01F1572S,01F1621S,41,10,9
2024/05/03 08:15,01F1572S,01F1621S,42,82,12
2024/05/03 08:15,01F1572S,01F1621S,5,81,8
2024/05/03 08:15,01F1699N,01F1664N,31,97,217
2024/05/03 08:15,01F1699N,01F1664N,32,97,79
2024/05/03 08:15,01F1699N,01F1664N,41,90,7
2024/05/03 08:15,01F1699N,01F1664N,42,86,22
2024/05/03 08:15,01F1699N,01F1664N,5,81,8
2024/05/03 08:15,01F1621S,01F1664S,31,104,111
2024/05/03 08:15,01F1621S,01F1664S,32,104,53
2024/05/03 08:15,01F1621S,01F1664S,41,95,4
2024/05/03 08:15,01F1621S,01F1664S,42,97,15
2024/05/03 08:15,01F1621S,01F1664S,5,79,5
2024/05/03 08:15,03F1651S,01F1664S,31,93,29
2024/05/03 08:15,03F1651S,01F1664S,32,97,11
2024/05/03 08:15,03F1651S,01F1664S,41,0,0
2024/05/03 08:15,03F1651S,01F1664S,42,86,1
2024/05/03 08:15,03F1651S,01F1664S,5,79,1
2024/05/03 08:15,03F1710N,01F1664S,31,90,7
2024/05/03 08:15,03F1710N,01F1664S,32,93,1
2024/05/03 08:15,03F1710N,01F1664S,41,0,0
2024/05/03 08:15,03F1710N,01F1664S,42,0,0
2024/05/03 08:15,03F1710N,01F1664S,5,0,0
2024/05/03 08:15,01F1774N,01F1699N,31,93,212
2024/05/03 08:15,01F1774N,01F1699N,32,93,65
2024/05/03 08:15,01F1774N,01F1699N,41,82,5
2024/05/03 08:15,01F1774N,01F1699N,42,86,21
2024/05/03 08:15,01F1774N,01F1699N,5,82,5
2024/05/03 08:15,01F1664S,01F1699S,31,93,227
2024/05/03 08:15,01F1664S,01F1699S,32,93,85
2024/05/03 08:15,01F1664S,01F1699S,41,79,5
2024/05/03 08:15,01F1664S,01F1699S,42,90,21
2024/05/03 08:15,01F1664S,01F1699S,5,82,11
2024/05/03 08:15,01F1802N,01F1774N,31,104,139
2024/05/03 08:15,01F1802N,01F1774N,32,100,55
2024/05/03 08:15,01F1802N,01F1774N,41,91,4
2024/05/03 08:15,01F1802N,01F1774N,42,93,19
2024/05/03 08:15,01F1802N,01F1774N,5,82,5
2024/05/03 08:15,01F1699S,01F1774S,31,86,266
2024/05/03 08:15,01F1699S,01F1774S,32,90,70
2024/05/03 08:15,01F1699S,01F1774S,41,79,7
2024/05/03 08:15,01F1699S,01F1774S,42,82,20
2024/05/03 08:15,01F1699S,01F1774S,5,79,7
2024/05/03 08:15,01F1839N,01F1802N,31,100,178
2024/05/03 08:15,01F1839N,01F1802N,32,97,61
2024/05/03 08:15,01F1839N,01F1802N,41,93,5
2024/05/03 08:15,01F1839N,01F1802N,42,84,22
2024/05/03 08:15,01F1839N,01F1802N,5,77,6
2024/05/03 08:15,01F1774S,01F1802S,31,104,146
2024/05/03 08:15,01F1774S,01F1802S,32,100,56
2024/05/03 08:15,01F1774S,01F1802S,41,95,6
2024/05/03 08:15,01F1774S,01F1802S,42,93,21
2024/05/03 08:15,01F1774S,01F1802S,5,75,5
2024/05/03 08:15,01F1906N,01F1839N,31,100,174
2024/05/03 08:15,01F1906N,01F1839N,32,97,69
2024/05/03 08:15,01F1906N,01F1839N,41,93,2
2024/05/03 08:15,01F1906N,01F1839N,42,86,17
2024/05/03 08:15,01F1906N,01F1839N,5,82,11
2024/05/03 08:15,01F1802S,01F1839S,31,104,154
2024/05/03 08:15,01F1802S,01F1839S,32,100,63
2024/05/03 08:15,01F1802S,01F1839S,41,97,6
2024/05/03 08:15,01F1802S,01F1839S,42,93,14
2024/05/03 08:15,01F1802S,01F1839S,5,93,3
2024/05/03 08:15,01F1960N,01F1906N,31,108,169
2024/05/03 08:15,01F1960N,01F1906N,32,104,54
2024/05/03 08:15,01F1960N,01F1906N,41,97,6
2024/05/03 08:15,01F1960N,01F1906N,42,90,24
2024/05/03 08:15,01F1960N,01F1906N,5,86,10
2024/05/03 08:15,03F1944S,01F1906N,31,73,14
2024/05/03 08:15,03F1944S,01F1906N,32,70,4
2024/05/03 08:15,03F1944S,01F1906N,41,0,0
2024/05/03 08:15,03F1944S,01F1906N,42,68,2
2024/05/03 08:15,03F1944S,01F1906N,5,0,0
2024/05/03 08:15,03F1992N,01F1906N,31,66,8
2024/05/03 08:15,03F1992N,01F1906N,32,70,2
2024/05/03 08:15,03F1992N,01F1906N,41,0,0
2024/05/03 08:15,03F1992N,01F1906N,42,61,4
2024/05/03 08:15,03F1992N,01F1906N,5,54,1
2024/05/03 08:15,01F1839S,01F1906S,31,104,162
2024/05/03 08:15,01F1839S,01F1906S,32,100,51
2024/05/03 08:15,01F1839S,01F1906S,41,97,3
2024/05/03 08:15,01F1839S,01F1906S,42,90,6
2024/05/03 08:15,01F1839S,01F1906S,5,90,4
2024/05/03 08:15,01F2011N,01F1960N,31,108,146
2024/05/03 08:15,01F2011N,01F1960N,32,102,54
2024/05/03 08:15,01F2011N,01F1960N,41,97,3
2024/05/03 08:15,01F2011N,01F1960N,42,90,28
2024/05/03 08:15,01F2011N,01F1960N,5,86,26
2024/05/03 08:15,01F1906S,01F1960S,31,106,164
2024/05/03 08:15,01F1906S,01F1960S,32,100,63
2024/05/03 08:15,01F1906S,01F1960S,41,93,3
2024/05/03 08:15,01F1906S,01F1960S,42,93,8
2024/05/03 08:15,01F1906S,01F1960S,5,90,7
2024/05/03 08:15,03F1944S,01F1960S,31,75,45
2024/05/03 08:15,03F1944S,01F1960S,32,75,25
2024/05/03 08:15,03F1944S,01F1960S,41,73,2
2024/05/03 08:15,03F1944S,01F1960S,42,70,14
2024/05/03 08:15,03F1944S,01F1960S,5,68,13
2024/05/03 08:15,03F1992N,01F1960S,31,72,45
2024/05/03 08:15,03F1992N,01F1960S,32,68,25
2024/05/03 08:15,03F1992N,01F1960S,41,68,1
2024/05/03 08:15,03F1992N,01F1960S,42,64,6
2024/05/03 08:15,03F1992N,01F1960S,5,68,1
2024/05/03 08:15,01F2089N,01F2011N,31,104,140
2024/05/03 08:15,01F2089N,01F2011N,32,100,67
2024/05/03 08:15,01F2089N,01F2011N,41,97,3
2024/05/03 08:15,01F2089N,01F2011N,42,90,17
2024/05/03 08:15,01F2089N,01F2011N,5,86,21
2024/05/03 08:15,01F1960S,01F2011S,31,104,186
2024/05/03 08:15,01F1960S,01F2011S,32,97,62
2024/05/03 08:15,01F1960S,01F2011S,41,95,4
2024/05/03 08:15,01F1960S,01F2011S,42,90,32
2024/05/03 08:15,01F1960S,01F2011S,5,86,17
2024/05/03 08:15,01F2156N,01F2089N,31,104,124
2024/05/03 08:15,01F2156N,01F2089N,32,104,43
2024/05/03 08:15,01F2156N,01F2089N,41,99,4
2024/05/03 08:15,01F2156N,01F2089N,42,90,17
2024/05/03 08:15,01F2156N,01F2089N,5,90,25
2024/05/03 08:15,01F2011S,01F2089S,31,104,159
2024/05/03 08:15,01F2011S,01F2089S,32,100,78
2024/05/03 08:15,01F2011S,01F2089S,41,93,6
2024/05/03 08:15,01F2011S,01F2089S,42,90,34
2024/05/03 08:15,01F2011S,01F2089S,5,82,20
2024/05/03 08:15,01F2249N,01F2156N,31,111,84
2024/05/03 08:15,01F2249N,01F2156N,32,111,41
2024/05/03 08:15,01F2249N,01F2156N,41,99,6
2024/05/03 08:15,01F2249N,01F2156N,42,79,24
2024/05/03 08:15,01F2249N,01F2156N,5,79,26
2024/05/03 08:15,01F2089S,01F2156S,31,104,152
2024/05/03 08:15,01F2089S,01F2156S,32,104,72
2024/05/03 08:15,01F2089S,01F2156S,41,93,4
2024/05/03 08:15,01F2089S,01F2156S,42,93,27
2024/05/03 08:15,01F2089S,01F2156S,5,84,16
2024/05/03 08:15,01F2322N,01F2249N,31,108,78
2024/05/03 08:15,01F2322N,01F2249N,32,104,38
2024/05/03 08:15,01F2322N,01F2249N,41,0,0
2024/05/03 08:15,01F2322N,01F2249N,42,93,21
2024/05/03 08:15,01F2322N,01F2249N,5,90,11
2024/05/03 08:15,01F2156S,01F2249S,31,108,136
2024/05/03 08:15,01F2156S,01F2249S,32,104,64
2024/05/03 08:15,01F2156S,01F2249S,41,99,2
2024/05/03 08:15,01F2156S,01F2249S,42,93,37
2024/05/03 08:15,01F2156S,01F2249S,5,93,13
2024/05/03 08:15,01F2394N,01F2322N,31,111,83
2024/05/03 08:15,01F2394N,01F2322N,32,108,44
2024/05/03 08:15,01F2394N,01F2322N,41,95,4
2024/05/03 08:15,01F2394N,01F2322N,42,93,22
2024/05/03 08:15,01F2394N,01F2322N,5,82,21
2024/05/03 08:15,01F2249S,01F2322S,31,100,112
2024/05/03 08:15,01F2249S,01F2322S,32,100,73
2024/05/03 08:15,01F2249S,01F2322S,41,21,11
2024/05/03 08:15,01F2249S,01F2322S,42,90,33
2024/05/03 08:15,01F2249S,01F2322S,5,90,21
2024/05/03 08:15,01F2425N,01F2394N,31,111,64
2024/05/03 08:15,01F2425N,01F2394N,32,108,43
2024/05/03 08:15,01F2425N,01F2394N,41,100,6
2024/05/03 08:15,01F2425N,01F2394N,42,88,16
2024/05/03 08:15,01F2425N,01F2394N,5,84,22
2024/05/03 08:15,01F2322S,01F2394S,31,108,109
2024/05/03 08:15,01F2322S,01F2394S,32,108,57
2024/05/03 08:15,01F2322S,01F2394S,41,97,2
2024/05/03 08:15,01F2322S,01F2394S,42,93,24
2024/05/03 08:15,01F2322S,01F2394S,5,90,18
2024/05/03 08:15,01F2472N,01F2425N,31,111,58
2024/05/03 08:15,01F2472N,01F2425N,32,104,36
2024/05/03 08:15,01F2472N,01F2425N,41,100,7
2024/05/03 08:15,01F2472N,01F2425N,42,64,20
2024/05/03 08:15,01F2472N,01F2425N,5,82,21
2024/05/03 08:15,01F2394S,01F2425S,31,111,101
2024/05/03 08:15,01F2394S,01F2425S,32,111,40
2024/05/03 08:15,01F2394S,01F2425S,41,104,3
2024/05/03 08:15,01F2394S,01F2425S,42,97,27
2024/05/03 08:15,01F2394S,01F2425S,5,91,12
2024/05/03 08:15,01F2514N,01F2472N,31,108,81
2024/05/03 08:15,01F2514N,01F2472N,32,104,48
2024/05/03 08:15,01F2514N,01F2472N,41,97,2
2024/05/03 08:15,01F2514N,01F2472N,42,90,23
2024/05/03 08:15,01F2514N,01F2472N,5,82,25
2024/05/03 08:15,01F2425S,01F2472S,31,111,99
2024/05/03 08:15,01F2425S,01F2472S,32,108,44
2024/05/03 08:15,01F2425S,01F2472S,41,90,3
2024/05/03 08:15,01F2425S,01F2472S,42,93,23
2024/05/03 08:15,01F2425S,01F2472S,5,93,15
2024/05/03 08:15,01F2603N,01F2514N,31,108,84
2024/05/03 08:15,01F2603N,01F2514N,32,104,41
2024/05/03 08:15,01F2603N,01F2514N,41,97,5
2024/05/03 08:15,01F2603N,01F2514N,42,99,28
2024/05/03 08:15,01F2603N,01F2514N,5,90,8
2024/05/03 08:15,01F2472S,01F2514S,31,104,97
2024/05/03 08:15,01F2472S,01F2514S,32,104,51
2024/05/03 08:15,01F2472S,01F2514S,41,93,3
2024/05/03 08:15,01F2472S,01F2514S,42,90,27
2024/05/03 08:15,01F2472S,01F2514S,5,86,22
2024/05/03 08:15,01F2674N,01F2603N,31,108,61
2024/05/03 08:15,01F2674N,01F2603N,32,102,28
2024/05/03 08:15,01F2674N,01F2603N,41,97,3
2024/05/03 08:15,01F2674N,01F2603N,42,90,20
2024/05/03 08:15,01F2674N,01F2603N,5,82,9
2024/05/03 08:15,01F2514S,01F2603S,31,108,87
2024/05/03 08:15,01F2514S,01F2603S,32,104,52
2024/05/03 08:15,01F2514S,01F2603S,41,99,2
2024/05/03 08:15,01F2514S,01F2603S,42,95,18
2024/05/03 08:15,01F2514S,01F2603S,5,90,11
2024/05/03 08:15,01F2714N,01F2674N,31,108,72
2024/05/03 08:15,01F2714N,01F2674N,32,104,27
2024/05/03 08:15,01F2714N,01F2674N,41,104,3
2024/05/03 08:15,01F2714N,01F2674N,42,97,18
2024/05/03 08:15,01F2714N,01F2674N,5,82,19
2024/05/03 08:15,01F2603S,01F2674S,31,108,84
2024/05/03 08:15,01F2603S,01F2674S,32,104,41
2024/05/03 08:15,01F2603S,01F2674S,41,100,3
2024/05/03 08:15,01F2603S,01F2674S,42,93,15
2024/05/03 08:15,01F2603S,01F2674S,5,90,13
2024/05/03 08:15,01F2827N,01F2714N,31,108,45
2024/05/03 08:15,01F2827N,01F2714N,32,108,30
2024/05/03 08:15,01F2827N,01F2714N,41,97,5
2024/05/03 08:15,01F2827N,01F2714N,42,75,22
2024/05/03 08:15,01F2827N,01F2714N,5,86,17
2024/05/03 08:15,01F2674S,01F2714S,31,108,94
2024/05/03 08:15,01F2674S,01F2714S,32,100,48
2024/05/03 08:15,01F2674S,01F2714S,41,97,7
2024/05/03 08:15,01F2674S,01F2714S,42,90,29
2024/05/03 08:15,01F2674S,01F2714S,5,82,18
2024/05/03 08:15,01F2866N,01F2827N,31,108,71
2024/05/03 08:15,01F2866N,01F2827N,32,104,34
2024/05/03 08:15,01F2866N,01F2827N,41,12,4
2024/05/03 08:15,01F2866N,01F2827N,42,86,11
2024/05/03 08:15,01F2866N,01F2827N,5,86,13
2024/05/03 08:15,01F2714S,01F2827S,31,108,66
2024/05/03 08:15,01F2714S,01F2827S,32,104,42
2024/05/03 08:15,01F2714S,01F2827S,41,97,2
2024/05/03 08:15,01F2714S,01F2827S,42,90,21
2024/05/03 08:15,01F2714S,01F2827S,5,82,11
2024/05/03 08:15,01F2930N,01F2866N,31,108,62
2024/05/03 08:15,01F2930N,01F2866N,32,106,30
2024/05/03 08:15,01F2930N,01F2866N,41,104,1
2024/05/03 08:15,01F2930N,01F2866N,42,91,10
2024/05/03 08:15,01F2930N,01F2866N,5,82,7
2024/05/03 08:15,01F2827S,01F2866S,31,108,74
2024/05/03 08:15,01F2827S,01F2866S,32,104,57
2024/05/03 08:15,01F2827S,01F2866S,41,100,3
2024/05/03 08:15,01F2827S,01F2866S,42,90,35
2024/05/03 08:15,01F2827S,01F2866S,5,86,14
2024/05/03 08:15,01F3019N,01F2930N,31,108,125
2024/05/03 08:15,01F3019N,01F2930N,32,100,59
2024/05/03 08:15,01F3019N,01F2930N,41,97,7
2024/05/03 08:15,01F3019N,01F2930N,42,86,20
2024/05/03 08:15,01F3019N,01F2930N,5,82,17
2024/05/03 08:15,01F2866S,01F2930S,31,108,67
2024/05/03 08:15,01F2866S,01F2930S,32,106,56
2024/05/03 08:15,01F2866S,01F2930S,41,100,3
2024/05/03 08:15,01F2866S,01F2930S,42,97,28
2024/05/03 08:15,01F2866S,01F2930S,5,86,9
2024/05/03 08:15,01F3083N,01F3019N,31,104,113
2024/05/03 08:15,01F3083N,01F3019N,32,102,52
2024/05/03 08:15,01F3083N,01F3019N,41,97,11
2024/05/03 08:15,01F3083N,01F3019N,42,93,23
2024/05/03 08:15,01F3083N,01F3019N,5,86,13
2024/05/03 08:15,01F2930S,01F3019S,31,108,111
2024/05/03 08:15,01F2930S,01F3019S,32,104,57
2024/05/03 08:15,01F2930S,01F3019S,41,97,2
2024/05/03 08:15,01F2930S,01F3019S,42,90,37
2024/05/03 08:15,01F2930S,01F3019S,5,86,22
2024/05/03 08:15,01F3126N,01F3083N,31,100,136
2024/05/03 08:15,01F3126N,01F3083N,32,100,61
2024/05/03 08:15,01F3126N,01F3083N,41,90,8
2024/05/03 08:15,01F3126N,01F3083N,42,90,21
2024/05/03 08:15,01F3126N,01F3083N,5,86,23
2024/05/03 08:15,01F3019S,01F3083S,31,39,127
2024/05/03 08:15,01F3019S,01F3083S,32,39,47
2024/05/03 08:15,01F3019S,01F3083S,41,43,2
2024/05/03 08:15,01F3019S,01F3083S,42,39,25
2024/05/03 08:15,01F3019S,01F3083S,5,39,25
2024/05/03 08:15,01F3185N,01F3126N,31,86,210
2024/05/03 08:15,01F3185N,01F3126N,32,86,76
2024/05/03 08:15,01F3185N,01F3126N,41,81,6
2024/05/03 08:15,01F3185N,01F3126N,42,77,16
2024/05/03 08:15,01F3185N,01F3126N,5,77,24
2024/05/03 08:15,03F3445S,01F3126N,31,0,0
2024/05/03 08:15,03F3445S,01F3126N,32,0,0
2024/05/03 08:15,03F3445S,01F3126N,41,0,0
2024/05/03 08:15,03F3445S,01F3126N,42,0,0
2024/05/03 08:15,03F3445S,01F3126N,5,0,0
2024/05/03 08:15,03F3496N,01F3126N,31,82,5
2024/05/03 08:15,03F3496N,01F3126N,32,86,2
2024/05/03 08:15,03F3496N,01F3126N,41,0,0
2024/05/03 08:15,03F3496N,01F3126N,42,82,3
2024/05/03 08:15,03F3496N,01F3126N,5,82,3
2024/05/03 08:15,01F3083S,01F3126S,31,79,117
2024/05/03 08:15,01F3083S,01F3126S,32,79,49
2024/05/03 08:15,01F3083S,01F3126S,41,66,4
2024/05/03 08:15,01F3083S,01F3126S,42,59,20
2024/05/03 08:15,01F3083S,01F3126S,5,57,21
2024/05/03 08:15,01F3227N,01F3185N,31,90,259
2024/05/03 08:15,01F3227N,01F3185N,32,90,94
2024/05/03 08:15,01F3227N,01F3185N,41,82,7
2024/05/03 08:15,01F3227N,01F3185N,42,82,21
2024/05/03 08:15,01F3227N,01F3185N,5,72,23
2024/05/03 08:15,01F3126S,01F3185S,31,100,127
2024/05/03 08:15,01F3126S,01F3185S,32,97,45
2024/05/03 08:15,01F3126S,01F3185S,41,82,1
2024/05/03 08:15,01F3126S,01F3185S,42,75,23
2024/05/03 08:15,01F3126S,01F3185S,5,82,18
2024/05/03 08:15,03F3445S,01F3185S,31,86,13
2024/05/03 08:15,03F3445S,01F3185S,32,81,4
2024/05/03 08:15,03F3445S,01F3185S,41,72,1
2024/05/03 08:15,03F3445S,01F3185S,42,79,2
2024/05/03 08:15,03F3445S,01F3185S,5,0,0
2024/05/03 08:15,03F3496N,01F3185S,31,50,2
2024/05/03 08:15,03F3496N,01F3185S,32,82,1
2024/05/03 08:15,03F3496N,01F3185S,41,0,0
2024/05/03 08:15,03F3496N,01F3185S,42,72,1
2024/05/03 08:15,03F3496N,01F3185S,5,73,2
2024/05/03 08:15,01F3252N,01F3227N,31,90,206
2024/05/03 08:15,01F3252N,01F3227N,32,90,101
2024/05/03 08:15,01F3252N,01F3227N,41,86,5
2024/05/03 08:15,01F3252N,01F3227N,42,79,21
2024/05/03 08:15,01F3252N,01F3227N,5,79,25
2024/05/03 08:15,01F3185S,01F3227S,31,93,149
2024/05/03 08:15,01F3185S,01F3227S,32,90,85
2024/05/03 08:15,01F3185S,01F3227S,41,88,12
2024/05/03 08:15,01F3185S,01F3227S,42,82,33
2024/05/03 08:15,01F3185S,01F3227S,5,82,22
2024/05/03 08:15,01F3286N,01F3252N,31,97,141
2024/05/03 08:15,01F3286N,01F3252N,32,95,76
2024/05/03 08:15,01F3286N,01F3252N,41,88,4
2024/05/03 08:15,01F3286N,01F3252N,42,86,21
2024/05/03 08:15,01F3286N,01F3252N,5,82,23
2024/05/03 08:15,01F3227S,01F3252S,31,97,188
2024/05/03 08:15,01F3227S,01F3252S,32,93,96
2024/05/03 08:15,01F3227S,01F3252S,41,88,10
2024/05/03 08:15,01F3227S,01F3252S,42,86,34
2024/05/03 08:15,01F3227S,01F3252S,5,82,29
2024/05/03 08:15,01F3366N,01F3286N,31,100,133
2024/05/03 08:15,01F3366N,01F3286N,32,93,63
2024/05/03 08:15,01F3366N,01F3286N,41,93,1
2024/05/03 08:15,01F3366N,01F3286N,42,86,13
2024/05/03 08:15,01F3366N,01F3286N,5,82,13
2024/05/03 08:15,01F3252S,01F3286S,31,100,112
2024/05/03 08:15,01F3252S,01F3286S,32,93,74
2024/05/03 08:15,01F3252S,01F3286S,41,82,5
2024/05/03 08:15,01F3252S,01F3286S,42,86,27
2024/05/03 08:15,01F3252S,01F3286S,5,82,35
2024/05/03 08:15,01F3398N,01F3366N,31,97,199
2024/05/03 08:15,01F3398N,01F3366N,32,93,113
2024/05/03 08:15,01F3398N,01F3366N,41,90,1
2024/05/03 08:15,01F3398N,01F3366N,42,90,24
2024/05/03 08:15,01F3398N,01F3366N,5,84,16
2024/05/03 08:15,01F3286S,01F3366S,31,97,134
2024/05/03 08:15,01F3286S,01F3366S,32,97,63
2024/05/03 08:15,01F3286S,01F3366S,41,91,4
2024/05/03 08:15,01F3286S,01F3366S,42,86,34
2024/05/03 08:15,01F3286S,01F3366S,5,82,28
2024/05/03 08:15,01F3460N,01F3398N,31,90,200
2024/05/03 08:15,01F3460N,01F3398N,32,86,94
2024/05/03 08:15,01F3460N,01F3398N,41,0,0
2024/05/03 08:15,01F3460N,01F3398N,42,82,23
2024/05/03 08:15,01F3460N,01F3398N,5,79,18
2024/05/03 08:15,01F3366S,01F3398S,31,104,183
2024/05/03 08:15,01F3366S,01F3398S,32,97,85
2024/05/03 08:15,01F3366S,01F3398S,41,90,1
2024/05/03 08:15,01F3366S,01F3398S,42,90,33
2024/05/03 08:15,01F3366S,01F3398S,5,90,29
2024/05/03 08:15,01F3535N,01F3460N,31,79,233
2024/05/03 08:15,01F3535N,01F3460N,32,79,126
2024/05/03 08:15,01F3535N,01F3460N,41,75,2
2024/05/03 08:15,01F3535N,01F3460N,42,72,29
2024/05/03 08:15,01F3535N,01F3460N,5,73,20
2024/05/03 08:15,01F3398S,01F3460S,31,97,208
2024/05/03 08:15,01F3398S,01F3460S,32,93,76
2024/05/03 08:15,01F3398S,01F3460S,41,93,3
2024/05/03 08:15,01F3398S,01F3460S,42,86,33
2024/05/03 08:15,01F3398S,01F3460S,5,82,29
2024/05/03 08:15,01F3559N,01F3535N,31,82,232
2024/05/03 08:15,01F3559N,01F3535N,32,82,112
2024/05/03 08:15,01F3559N,01F3535N,41,81,2
2024/05/03 08:15,01F3559N,01F3535N,42,79,18
2024/05/03 08:15,01F3559N,01F3535N,5,79,30
2024/05/03 08:15,01F3460S,01F3535S,31,82,147
2024/05/03 08:15,01F3460S,01F3535S,32,82,78
2024/05/03 08:15,01F3460S,01F3535S,41,75,1
2024/05/03 08:15,01F3460S,01F3535S,42,77,14
2024/05/03 08:15,01F3460S,01F3535S,5,75,18
2024/05/03 08:15,01F3590N,01F3559N,31,68,233
2024/05/03 08:15,01F3590N,01F3559N,32,68,99
2024/05/03 08:15,01F3590N,01F3559N,41,66,2
2024/05/03 08:15,01F3590N,01F3559N,42,64,18
2024/05/03 08:15,01F3590N,01F3559N,5,64,27
2024/05/03 08:15,01F3535S,01F3561S,31,97,173
2024/05/03 08:15,01F3535S,01F3561S,32,93,67
2024/05/03 08:15,01F3535S,01F3561S,41,0,0
2024/05/03 08:15,01F3535S,01F3561S,42,86,14
2024/05/03 08:15,01F3535S,01F3561S,5,86,13
2024/05/03 08:15,01F3640N,01F3590N,31,72,189
2024/05/03 08:15,01F3640N,01F3590N,32,72,103
2024/05/03 08:15,01F3640N,01F3590N,41,68,6
2024/05/03 08:15,01F3640N,01F3590N,42,68,23
2024/05/03 08:15,01F3640N,01F3590N,5,68,32
2024/05/03 08:15,03F3743S,01F3590N,31,0,0
2024/05/03 08:15,03F3743S,01F3590N,32,0,0
2024/05/03 08:15,03F3743S,01F3590N,41,0,0
2024/05/03 08:15,03F3743S,01F3590N,42,0,0
2024/05/03 08:15,03F3743S,01F3590N,5,0,0
2024/05/03 08:15,03F3854N,01F3590N,31,0,0
2024/05/03 08:15,03F3854N,01F3590N,32,0,0
2024/05/03 08:15,03F3854N,01F3590N,41,0,0
2024/05/03 08:15,03F3854N,01F3590N,42,0,0
2024/05/03 08:15,03F3854N,01F3590N,5,0,0
2024/05/03 08:15,01F3561S,01F3590S,31,97,175
2024/05/03 08:15,01F3561S,01F3590S,32,93,56
2024/05/03 08:15,01F3561S,01F3590S,41,90,1
2024/05/03 08:15,01F3561S,01F3590S,42,90,15
2024/05/03 08:15,01F3561S,01F3590S,5,86,13
2024/05/03 08:15,01F3676N,01F3640N,31,82,192
2024/05/03 08:15,01F3676N,01F3640N,32,82,110
2024/05/03 08:15,01F3676N,01F3640N,41,86,4
2024/05/03 08:15,01F3676N,01F3640N,42,79,27
2024/05/03 08:15,01F3676N,01F3640N,5,79,43
2024/05/03 08:15,01F3590S,01F3640S,31,97,215
2024/05/03 08:15,01F3590S,01F3640S,32,90,70
2024/05/03 08:15,01F3590S,01F3640S,41,90,2
2024/05/03 08:15,01F3590S,01F3640S,42,82,17
2024/05/03 08:15,01F3590S,01F3640S,5,82,22
2024/05/03 08:15,03F3743S,01F3640S,31,100,1
2024/05/03 08:15,03F3743S,01F3640S,32,102,2
2024/05/03 08:15,03F3743S,01F3640S,41,0,0
2024/05/03 08:15,03F3743S,01F3640S,42,0,0
2024/05/03 08:15,03F3743S,01F3640S,5,82,1
2024/05/03 08:15,03F3854N,01F3640S,31,82,4
2024/05/03 08:15,03F3854N,01F3640S,32,82,3
2024/05/03 08:15,03F3854N,01F3640S,41,0,0
2024/05/03 08:15,03F3854N,01F3640S,42,0,0
2024/05/03 08:15,03F3854N,01F3640S,5,79,2
2024/05/03 08:15,01F3696N,01F3676N,31,82,195
2024/05/03 08:15,01F3696N,01F3676N,32,79,107
2024/05/03 08:15,01F3696N,01F3676N,41,75,7
2024/05/03 08:15,01F3696N,01F3676N,42,72,19
2024/05/03 08:15,01F3696N,01F3676N,5,75,38
2024/05/03 08:15,01F3640S,01F3676S,31,90,201
2024/05/03 08:15,01F3640S,01F3676S,32,86,81
2024/05/03 08:15,01F3640S,01F3676S,41,81,2
2024/05/03 08:15,01F3640S,01F3676S,42,79,23
2024/05/03 08:15,01F3640S,01F3676S,5,82,40
2024/05/03 08:15,01F3676S,01F3686S,31,95,200
2024/05/03 08:15,01F3676S,01F3686S,32,90,78
2024/05/03 08:15,01F3676S,01F3686S,41,75,3
2024/05/03 08:15,01F3676S,01F3686S,42,75,21
2024/05/03 08:15,01F3676S,01F3686S,5,79,37
2024/05/03 08:15,01F3736N,01F3696N,31,82,17
2024/05/03 08:15,01F3736N,01F3696N,32,88,8
2024/05/03 08:15,01F3736N,01F3696N,41,79,1
2024/05/03 08:15,01F3736N,01F3696N,42,79,1
2024/05/03 08:15,01F3736N,01F3696N,5,72,11
2024/05/03 08:15,01F3686S,01F3736S,31,90,37
2024/05/03 08:15,01F3686S,01F3736S,32,81,4
2024/05/03 08:15,01F3686S,01F3736S,41,0,0
2024/05/03 08:15,01F3686S,01F3736S,42,77,2
2024/05/03 08:15,01F3686S,01F3736S,5,79,6
2024/05/03 08:15,01F0099S,01H0163S,31,68,67
2024/05/03 08:15,01F0099S,01H0163S,32,64,27
2024/05/03 08:15,01F0099S,01H0163S,41,68,1
2024/05/03 08:15,01F0099S,01H0163S,42,0,0
2024/05/03 08:15,01F0099S,01H0163S,5,0,0
2024/05/03 08:15,03F0087S,01H0163S,31,86,43
2024/05/03 08:15,03F0087S,01H0163S,32,86,19
2024/05/03 08:15,03F0087S,01H0163S,41,0,0
2024/05/03 08:15,03F0087S,01H0163S,42,0,0
2024/05/03 08:15,03F0087S,01H0163S,5,0,0
2024/05/03 08:15,03F0116N,01H0163S,31,61,32
2024/05/03 08:15,03F0116N,01H0163S,32,61,11
2024/05/03 08:15,03F0116N,01H0163S,41,57,1
2024/05/03 08:15,03F0116N,01H0163S,42,0,0
2024/05/03 08:15,03F0116N,01H0163S,5,0,0
2024/05/03 08:15,01H0200N,01H0174N,31,90,58
2024/05/03 08:15,01H0200N,01H0174N,32,86,22
2024/05/03 08:15,01H0200N,01H0174N,41,82,1
2024/05/03 08:15,01H0200N,01H0174N,42,0,0
2024/05/03 08:15,01H0200N,01H0174N,5,0,0
2024/05/03 08:15,01H0208N,01H0200N,31,10,172
2024/05/03 08:15,01H0208N,01H0200N,32,52,46
2024/05/03 08:15,01H0208N,01H0200N,41,14,4
2024/05/03 08:15,01H0208N,01H0200N,42,0,0
2024/05/03 08:15,01H0208N,01H0200N,5,0,0
2024/05/03 08:15,01H0163S,01H0206S,31,54,86
2024/05/03 08:15,01H0163S,01H0206S,32,54,45
2024/05/03 08:15,01H0163S,01H0206S,41,45,2
2024/05/03 08:15,01H0163S,01H0206S,42,0,0
2024/05/03 08:15,01H0163S,01H0206S,5,0,0
2024/05/03 08:15,01H0271N,01H0208N,31,64,278
2024/05/03 08:15,01H0271N,01H0208N,32,64,74
2024/05/03 08:15,01H0271N,01H0208N,41,61,3
2024/05/03 08:15,01H0271N,01H0208N,42,0,0
2024/05/03 08:15,01H0271N,01H0208N,5,0,0
2024/05/03 08:15,01F0340N,01H0271N,31,32,168
2024/05/03 08:15,01F0340N,01H0271N,32,32,22
2024/05/03 08:15,01F0340N,01H0271N,41,32,2
2024/05/03 08:15,01F0340N,01H0271N,42,7,1
2024/05/03 08:15,01F0340N,01H0271N,5,0,0
2024/05/03 08:15,01H0333N,01H0271N,31,36,106
2024/05/03 08:15,01H0333N,01H0271N,32,36,25
2024/05/03 08:15,01H0333N,01H0271N,41,36,1
2024/05/03 08:15,01H0333N,01H0271N,42,0,0
2024/05/03 08:15,01H0333N,01H0271N,5,0,0
2024/05/03 08:15,01H0206S,01H0305S,31,93,153
2024/05/03 08:15,01H0206S,01H0305S,32,90,82
2024/05/03 08:15,01H0206S,01H0305S,41,82,3
2024/05/03 08:15,01H0206S,01H0305S,42,0,0
2024/05/03 08:15,01H0206S,01H0305S,5,0,0
2024/05/03 08:15,01H0447N,01H0333N,31,93,82
2024/05/03 08:15,01H0447N,01H0333N,32,90,30
2024/05/03 08:15,01H0447N,01H0333N,41,93,1
2024/05/03 08:15,01H0447N,01H0333N,42,0,0
2024/05/03 08:15,01H0447N,01H0333N,5,0,0
2024/05/03 08:15,01H0305S,01H0334S,31,93,80
2024/05/03 08:15,01H0305S,01H0334S,32,93,32
2024/05/03 08:15,01H0305S,01H0334S,41,0,0
2024/05/03 08:15,01H0305S,01H0334S,42,72,1
2024/05/03 08:15,01H0305S,01H0334S,5,0,0
2024/05/03 08:15,01H0579N,01H0447N,31,100,118
2024/05/03 08:15,01H0579N,01H0447N,32,97,40
2024/05/03 08:15,01H0579N,01H0447N,41,93,1
2024/05/03 08:15,01H0579N,01H0447N,42,0,0
2024/05/03 08:15,01H0579N,01H0447N,5,0,0
2024/05/03 08:15,01F0339S,01H0447S,31,90,145
2024/05/03 08:15,01F0339S,01H0447S,32,86,47
2024/05/03 08:15,01F0339S,01H0447S,41,90,4
2024/05/03 08:15,01F0339S,01H0447S,42,0,0
2024/05/03 08:15,01F0339S,01H0447S,5,0,0
2024/05/03 08:15,01H0334S,01H0447S,31,93,99
2024/05/03 08:15,01H0334S,01H0447S,32,86,31
2024/05/03 08:15,01H0334S,01H0447S,41,90,1
2024/05/03 08:15,01H0334S,01H0447S,42,0,0
2024/05/03 08:15,01H0334S,01H0447S,5,0,0
2024/05/03 08:15,01F0633N,01H0579N,31,61,40
2024/05/03 08:15,01F0633N,01H0579N,32,57,24
2024/05/03 08:15,01F0633N,01H0579N,41,61,1
2024/05/03 08:15,01F0633N,01H0579N,42,0,0
2024/05/03 08:15,01F0633N,01H0579N,5,0,0
2024/05/03 08:15,01H0608N,01H0579N,31,93,71
2024/05/03 08:15,01H0608N,01H0579N,32,90,23
2024/05/03 08:15,01H0608N,01H0579N,41,90,3
2024/05/03 08:15,01H0608N,01H0579N,42,0,0
2024/05/03 08:15,01H0608N,01H0579N,5,0,0
2024/05/03 08:15,01H0447S,01H0579S,31,93,126
2024/05/03 08:15,01H0447S,01H0579S,32,93,48
2024/05/03 08:15,01H0447S,01H0579S,41,93,9
2024/05/03 08:15,01H0447S,01H0579S,42,0,0
2024/05/03 08:15,01H0447S,01H0579S,5,0,0
2024/05/03 08:15,01F0750N,01H0608N,31,100,72
2024/05/03 08:15,01F0750N,01H0608N,32,100,28
2024/05/03 08:15,01F0750N,01H0608N,41,93,3
2024/05/03 08:15,01F0750N,01H0608N,42,0,0
2024/05/03 08:15,01F0750N,01H0608N,5,0,0
2024/05/03 08:15,01F0578S,01H0610S,31,64,80
2024/05/03 08:15,01F0578S,01H0610S,32,64,19
2024/05/03 08:15,01F0578S,01H0610S,41,61,5
2024/05/03 08:15,01F0578S,01H0610S,42,0,0
2024/05/03 08:15,01F0578S,01H0610S,5,0,0
2024/05/03 08:15,01H0579S,01H0610S,31,86,88
2024/05/03 08:15,01H0579S,01H0610S,32,86,35
2024/05/03 08:15,01H0579S,01H0610S,41,86,3
2024/05/03 08:15,01H0579S,01H0610S,42,0,0
2024/05/03 08:15,01H0579S,01H0610S,5,0,0
2024/05/03 08:15,03A0041N,03A0015N,31,72,89
2024/05/03 08:15,03A0041N,03A0015N,32,72,21
2024/05/03 08:15,03A0041N,03A0015N,41,72,5
2024/05/03 08:15,03A0041N,03A0015N,42,64,1
2024/05/03 08:15,03A0041N,03A0015N,5,64,1
2024/05/03 08:15,03F0201S,03A0041N,31,54,88
2024/05/03 08:15,03F0201S,03A0041N,32,54,26
2024/05/03 08:15,03F0201S,03A0041N,41,54,9
2024/05/03 08:15,03F0201S,03A0041N,42,54,4
2024/05/03 08:15,03F0201S,03A0041N,5,57,1
2024/05/03 08:15,03F0217N,03A0041N,31,43,50
2024/05/03 08:15,03F0217N,03A0041N,32,43,14
2024/05/03 08:15,03F0217N,03A0041N,41,43,1
2024/05/03 08:15,03F0217N,03A0041N,42,36,1
2024/05/03 08:15,03F0217N,03A0041N,5,0,0
2024/05/03 08:15,03A0015S,03A0041S,31,75,44
2024/05/03 08:15,03A0015S,03A0041S,32,75,10
2024/05/03 08:15,03A0015S,03A0041S,41,72,1
2024/05/03 08:15,03A0015S,03A0041S,42,68,2
2024/05/03 08:15,03A0015S,03A0041S,5,64,1
2024/05/03 08:15,03F0054N,03F0021N,31,90,32
2024/05/03 08:15,03F0054N,03F0021N,32,86,8
2024/05/03 08:15,03F0054N,03F0021N,41,77,2
2024/05/03 08:15,03F0054N,03F0021N,42,82,1
2024/05/03 08:15,03F0054N,03F0021N,5,84,2
2024/05/03 08:15,01F0099S,03F0054N,31,7,1
2024/05/03 08:15,01F0099S,03F0054N,32,0,0
2024/05/03 08:15,01F0099S,03F0054N,41,0,0
2024/05/03 08:15,01F0099S,03F0054N,42,75,1
2024/05/03 08:15,01F0099S,03F0054N,5,0,0
2024/05/03 08:15,01F0147N,03F0054N,31,95,14
2024/05/03 08:15,01F0147N,03F0054N,32,81,4
2024/05/03 08:15,01F0147N,03F0054N,41,18,1
2024/05/03 08:15,01F0147N,03F0054N,42,82,1
2024/05/03 08:15,01F0147N,03F0054N,5,82,3
2024/05/03 08:15,01H0174N,03F0054N,31,93,9
2024/05/03 08:15,01H0174N,03F0054N,32,93,3
2024/05/03 08:15,01H0174N,03F0054N,41,0,0
2024/05/03 08:15,01H0174N,03F0054N,42,0,0
2024/05/03 08:15,01H0174N,03F0054N,5,0,0
2024/05/03 08:15,03F0116N,03F0054N,31,90,20
2024/05/03 08:15,03F0116N,03F0054N,32,90,4
2024/05/03 08:15,03F0116N,03F0054N,41,79,3
2024/05/03 08:15,03F0116N,03F0054N,42,75,3
2024/05/03 08:15,03F0116N,03F0054N,5,82,5
2024/05/03 08:15,03F0006S,03F0087S,31,90,180
2024/05/03 08:15,03F0006S,03F0087S,32,90,45
2024/05/03 08:15,03F0006S,03F0087S,41,84,2
2024/05/03 08:15,03F0006S,03F0087S,42,0,0
2024/05/03 08:15,03F0006S,03F0087S,5,82,7
2024/05/03 08:15,03F0140N,03F0116N,31,86,69
2024/05/03 08:15,03F0140N,03F0116N,32,81,24
2024/05/03 08:15,03F0140N,03F0116N,41,0,0
2024/05/03 08:15,03F0140N,03F0116N,42,79,4
2024/05/03 08:15,03F0140N,03F0116N,5,77,4
2024/05/03 08:15,01F0099S,03F0116S,31,46,58
2024/05/03 08:15,01F0099S,03F0116S,32,46,20
2024/05/03 08:15,01F0099S,03F0116S,41,43,5
2024/05/03 08:15,01F0099S,03F0116S,42,46,5
2024/05/03 08:15,01F0099S,03F0116S,5,50,3
2024/05/03 08:15,01F0147N,03F0116S,31,79,42
2024/05/03 08:15,01F0147N,03F0116S,32,79,11
2024/05/03 08:15,01F0147N,03F0116S,41,0,0
2024/05/03 08:15,01F0147N,03F0116S,42,0,0
2024/05/03 08:15,01F0147N,03F0116S,5,77,2
2024/05/03 08:15,01H0174N,03F0116S,31,97,42
2024/05/03 08:15,01H0174N,03F0116S,32,93,16
2024/05/03 08:15,01H0174N,03F0116S,41,0,0
2024/05/03 08:15,01H0174N,03F0116S,42,0,0
2024/05/03 08:15,01H0174N,03F0116S,5,0,0
2024/05/03 08:15,03F0087S,03F0116S,31,90,122
2024/05/03 08:15,03F0087S,03F0116S,32,91,24
2024/05/03 08:15,03F0087S,03F0116S,41,93,1
2024/05/03 08:15,03F0087S,03F0116S,42,82,2
2024/05/03 08:15,03F0087S,03F0116S,5,93,1
2024/05/03 08:15,03F0116S,03F0136S,31,86,183
2024/05/03 08:15,03F0116S,03F0136S,32,82,64
2024/05/03 08:15,03F0116S,03F0136S,41,75,2
2024/05/03 08:15,03F0116S,03F0136S,42,75,8
2024/05/03 08:15,03F0116S,03F0136S,5,72,4
2024/05/03 08:15,03F0150N,03F0140N,31,90,129
2024/05/03 08:15,03F0150N,03F0140N,32,90,44
2024/05/03 08:15,03F0150N,03F0140N,41,86,2
2024/05/03 08:15,03F0150N,03F0140N,42,77,6
2024/05/03 08:15,03F0150N,03F0140N,5,90,4
2024/05/03 08:15,03F0201N,03F0150N,31,64,243
2024/05/03 08:15,03F0201N,03F0150N,32,61,46
2024/05/03 08:15,03F0201N,03F0150N,41,61,4
2024/05/03 08:15,03F0201N,03F0150N,42,61,6
2024/05/03 08:15,03F0201N,03F0150N,5,61,3
2024/05/03 08:15,05F0001N,03F0150N,31,86,90
2024/05/03 08:15,05F0001N,03F0150N,32,79,35
2024/05/03 08:15,05F0001N,03F0150N,41,70,2
2024/05/03 08:15,05F0001N,03F0150N,42,86,1
2024/05/03 08:15,05F0001N,03F0150N,5,0,0
2024/05/03 08:15,03F0136S,03F0158S,31,93,187
2024/05/03 08:15,03F0136S,03F0158S,32,86,80
2024/05/03 08:15,03F0136S,03F0158S,41,90,5
2024/05/03 08:15,03F0136S,03F0158S,42,82,10
2024/05/03 08:15,03F0136S,03F0158S,5,86,5
2024/05/03 08:15,03A0041S,03F0201N,31,7,41
2024/05/03 08:15,03A0041S,03F0201N,32,7,9
2024/05/03 08:15,03A0041S,03F0201N,41,7,3
2024/05/03 08:15,03A0041S,03F0201N,42,0,0
2024/05/03 08:15,03A0041S,03F0201N,5,0,0
2024/05/03 08:15,03F0217N,03F0201N,31,28,185
2024/05/03 08:15,03F0217N,03F0201N,32,28,49
2024/05/03 08:15,03F0217N,03F0201N,41,28,3
2024/05/03 08:15,03F0217N,03F0201N,42,28,3
2024/05/03 08:15,03F0217N,03F0201N,5,32,6
2024/05/03 08:15,03F0158S,03F0201S,31,61,216
2024/05/03 08:15,03F0158S,03F0201S,32,61,72
2024/05/03 08:15,03F0158S,03F0201S,41,61,5
2024/05/03 08:15,03F0158S,03F0201S,42,57,8
2024/05/03 08:15,03F0158S,03F0201S,5,61,7
2024/05/03 08:15,05F0001N,03F0201S,31,46,33
2024/05/03 08:15,05F0001N,03F0201S,32,48,20
2024/05/03 08:15,05F0001N,03F0201S,41,36,5
2024/05/03 08:15,05F0001N,03F0201S,42,0,0
2024/05/03 08:15,05F0001N,03F0201S,5,0,0
2024/05/03 08:15,03F0301N,03F0217N,31,39,205
2024/05/03 08:15,03F0301N,03F0217N,32,39,61
2024/05/03 08:15,03F0301N,03F0217N,41,36,4
2024/05/03 08:15,03F0301N,03F0217N,42,34,2
2024/05/03 08:15,03F0301N,03F0217N,5,37,4
2024/05/03 08:15,03A0041S,03F0217S,31,75,32
2024/05/03 08:15,03A0041S,03F0217S,32,79,7
2024/05/03 08:15,03A0041S,03F0217S,41,0,1
2024/05/03 08:15,03A0041S,03F0217S,42,0,0
2024/05/03 08:15,03A0041S,03F0217S,5,68,2
2024/05/03 08:15,03F0201S,03F0217S,31,86,154
2024/05/03 08:15,03F0201S,03F0217S,32,86,56
2024/05/03 08:15,03F0201S,03F0217S,41,82,5
2024/05/03 08:15,03F0201S,03F0217S,42,75,7
2024/05/03 08:15,03F0201S,03F0217S,5,75,5
2024/05/03 08:15,03F0338N,03F0301N,31,79,171
2024/05/03 08:15,03F0338N,03F0301N,32,79,57
2024/05/03 08:15,03F0338N,03F0301N,41,72,3
2024/05/03 08:15,03F0338N,03F0301N,42,68,6
2024/05/03 08:15,03F0338N,03F0301N,5,79,5
2024/05/03 08:15,03F0217S,03F0301S,31,82,129
2024/05/03 08:15,03F0217S,03F0301S,32,82,69
2024/05/03 08:15,03F0217S,03F0301S,41,75,3
2024/05/03 08:15,03F0217S,03F0301S,42,79,10
2024/05/03 08:15,03F0217S,03F0301S,5,82,10
2024/05/03 08:15,03F0301S,03F0337S,31,36,170
2024/05/03 08:15,03F0301S,03F0337S,32,36,48
2024/05/03 08:15,03F0301S,03F0337S,41,37,2
2024/05/03 08:15,03F0301S,03F0337S,42,36,5
2024/05/03 08:15,03F0301S,03F0337S,5,36,4
2024/05/03 08:15,03F0394N,03F0338N,31,36,191
2024/05/03 08:15,03F0394N,03F0338N,32,36,73
2024/05/03 08:15,03F0394N,03F0338N,41,36,4
2024/05/03 08:15,03F0394N,03F0338N,42,36,4
2024/05/03 08:15,03F0394N,03F0338N,5,36,4
2024/05/03 08:15,03F0447N,03F0394N,31,90,250
2024/05/03 08:15,03F0447N,03F0394N,32,86,90
2024/05/03 08:15,03F0447N,03F0394N,41,81,4
2024/05/03 08:15,03F0447N,03F0394N,42,75,12
2024/05/03 08:15,03F0447N,03F0394N,5,79,7
2024/05/03 08:15,03F0337S,03F0394S,31,79,183
2024/05/03 08:15,03F0337S,03F0394S,32,79,68
2024/05/03 08:15,03F0337S,03F0394S,41,73,2
2024/05/03 08:15,03F0337S,03F0394S,42,73,6
2024/05/03 08:15,03F0337S,03F0394S,5,73,8
2024/05/03 08:15,03F0498N,03F0447N,31,93,294
2024/05/03 08:15,03F0498N,03F0447N,32,90,103
2024/05/03 08:15,03F0498N,03F0447N,41,82,9
2024/05/03 08:15,03F0498N,03F0447N,42,84,18
2024/05/03 08:15,03F0498N,03F0447N,5,77,14
2024/05/03 08:15,03F0394S,03F0447S,31,93,232
2024/05/03 08:15,03F0394S,03F0447S,32,93,112
2024/05/03 08:15,03F0394S,03F0447S,41,88,6
2024/05/03 08:15,03F0394S,03F0447S,42,82,8
2024/05/03 08:15,03F0394S,03F0447S,5,82,5
2024/05/03 08:15,03F0525N,03F0498N,31,68,280
2024/05/03 08:15,03F0525N,03F0498N,32,68,102
2024/05/03 08:15,03F0525N,03F0498N,41,63,4
2024/05/03 08:15,03F0525N,03F0498N,42,61,17
2024/05/03 08:15,03F0525N,03F0498N,5,57,14
2024/05/03 08:15,03F0447S,03F0498S,31,93,327
2024/05/03 08:15,03F0447S,03F0498S,32,90,163
2024/05/03 08:15,03F0447S,03F0498S,41,86,16
2024/05/03 08:15,03F0447S,03F0498S,42,86,17
2024/05/03 08:15,03F0447S,03F0498S,5,84,10
2024/05/03 08:15,01F0511S,03F0525N,31,64,13
2024/05/03 08:15,01F0511S,03F0525N,32,68,1
2024/05/03 08:15,01F0511S,03F0525N,41,0,0
2024/05/03 08:15,01F0511S,03F0525N,42,57,4
2024/05/03 08:15,01F0511S,03F0525N,5,57,1
2024/05/03 08:15,01F0532N,03F0525N,31,68,17
2024/05/03 08:15,01F0532N,03F0525N,32,66,6
2024/05/03 08:15,01F0532N,03F0525N,41,61,1
2024/05/03 08:15,01F0532N,03F0525N,42,0,0
2024/05/03 08:15,01F0532N,03F0525N,5,0,0
2024/05/03 08:15,03F0559N,03F0525N,31,57,136
2024/05/03 08:15,03F0559N,03F0525N,32,54,66
2024/05/03 08:15,03F0559N,03F0525N,41,46,1
2024/05/03 08:15,03F0559N,03F0525N,42,46,15
2024/05/03 08:15,03F0559N,03F0525N,5,43,7
2024/05/03 08:15,03F0498S,03F0525S,31,93,235
2024/05/03 08:15,03F0498S,03F0525S,32,90,131
2024/05/03 08:15,03F0498S,03F0525S,41,84,14
2024/05/03 08:15,03F0498S,03F0525S,42,86,15
2024/05/03 08:15,03F0498S,03F0525S,5,86,9
2024/05/03 08:15,03F0648N,03F0559N,31,108,126
2024/05/03 08:15,03F0648N,03F0559N,32,100,31
2024/05/03 08:15,03F0648N,03F0559N,41,97,1
2024/05/03 08:15,03F0648N,03F0559N,42,93,14
2024/05/03 08:15,03F0648N,03F0559N,5,90,10
2024/05/03 08:15,01F0511S,03F0559S,31,75,14
2024/05/03 08:15,01F0511S,03F0559S,32,73,4
2024/05/03 08:15,01F0511S,03F0559S,41,0,0
2024/05/03 08:15,01F0511S,03F0559S,42,0,0
2024/05/03 08:15,01F0511S,03F0559S,5,64,1
2024/05/03 08:15,01F0532N,03F0559S,31,14,1
2024/05/03 08:15,01F0532N,03F0559S,32,50,2
2024/05/03 08:15,01F0532N,03F0559S,41,0,0
2024/05/03 08:15,01F0532N,03F0559S,42,0,0
2024/05/03 08:15,01F0532N,03F0559S,5,0,0
2024/05/03 08:15,03F0525S,03F0559S,31,100,187
2024/05/03 08:15,03F0525S,03F0559S,32,97,83
2024/05/03 08:15,03F0525S,03F0559S,41,90,7
2024/05/03 08:15,03F0525S,03F0559S,42,90,9
2024/05/03 08:15,03F0525S,03F0559S,5,90,11
2024/05/03 08:15,03F0698N,03F0648N,31,104,79
2024/05/03 08:15,03F0698N,03F0648N,32,104,36
2024/05/03 08:15,03F0698N,03F0648N,41,97,5
2024/05/03 08:15,03F0698N,03F0648N,42,86,11
2024/05/03 08:15,03F0698N,03F0648N,5,91,6
2024/05/03 08:15,03F0559S,03F0648S,31,86,199
2024/05/03 08:15,03F0559S,03F0648S,32,86,96
2024/05/03 08:15,03F0559S,03F0648S,41,86,9
2024/05/03 08:15,03F0559S,03F0648S,42,82,12
2024/05/03 08:15,03F0559S,03F0648S,5,82,16
2024/05/03 08:15,03F0746N,03F0698N,31,108,77
2024/05/03 08:15,03F0746N,03F0698N,32,100,37
2024/05/03 08:15,03F0746N,03F0698N,41,104,2
2024/05/03 08:15,03F0746N,03F0698N,42,66,4
2024/05/03 08:15,03F0746N,03F0698N,5,59,6
2024/05/03 08:15,03F0648S,03F0698S,31,93,183
2024/05/03 08:15,03F0648S,03F0698S,32,91,76
2024/05/03 08:15,03F0648S,03F0698S,41,90,11
2024/05/03 08:15,03F0648S,03F0698S,42,84,12
2024/05/03 08:15,03F0648S,03F0698S,5,86,12
2024/05/03 08:15,03F0746S,03F0746N,31,0,0
2024/05/03 08:15,03F0746S,03F0746N,32,0,0
2024/05/03 08:15,03F0746S,03F0746N,41,0,0
2024/05/03 08:15,03F0746S,03F0746N,42,0,0
2024/05/03 08:15,03F0746S,03F0746N,5,0,0
2024/05/03 08:15,03F0783N,03F0746N,31,111,112
2024/05/03 08:15,03F0783N,03F0746N,32,104,48
2024/05/03 08:15,03F0783N,03F0746N,41,102,2
2024/05/03 08:15,03F0783N,03F0746N,42,88,8
2024/05/03 08:15,03F0783N,03F0746N,5,86,13
2024/05/03 08:15,03F0698S,03F0746S,31,100,236
2024/05/03 08:15,03F0698S,03F0746S,32,97,77
2024/05/03 08:15,03F0698S,03F0746S,41,97,7
2024/05/03 08:15,03F0698S,03F0746S,42,90,8
2024/05/03 08:15,03F0698S,03F0746S,5,90,3
2024/05/03 08:15,03F0846N,03F0783N,31,108,95
2024/05/03 08:15,03F0846N,03F0783N,32,104,35
2024/05/03 08:15,03F0846N,03F0783N,41,102,2
2024/05/03 08:15,03F0846N,03F0783N,42,88,12
2024/05/03 08:15,03F0846N,03F0783N,5,90,10
2024/05/03 08:15,03F0746S,03F0783S,31,108,238
2024/05/03 08:15,03F0746S,03F0783S,32,104,85
2024/05/03 08:15,03F0746S,03F0783S,41,10,4
2024/05/03 08:15,03F0746S,03F0783S,42,91,12
2024/05/03 08:15,03F0746S,03F0783S,5,97,3
2024/05/03 08:15,03F0783N,03F0783S,31,0,0
2024/05/03 08:15,03F0783N,03F0783S,32,0,0
2024/05/03 08:15,03F0783N,03F0783S,41,0,0
2024/05/03 08:15,03F0783N,03F0783S,42,0,0
2024/05/03 08:15,03F0783N,03F0783S,5,0,0
2024/05/03 08:15,03F0961N,03F0846N,31,108,47
2024/05/03 08:15,03F0961N,03F0846N,32,104,27
2024/05/03 08:15,03F0961N,03F0846N,41,79,1
2024/05/03 08:15,03F0961N,03F0846N,42,97,9
2024/05/03 08:15,03F0961N,03F0846N,5,90,9
2024/05/03 08:15,03F0783S,03F0846S,31,100,201
2024/05/03 08:15,03F0783S,03F0846S,32,100,96
2024/05/03 08:15,03F0783S,03F0846S,41,97,3
2024/05/03 08:15,03F0783S,03F0846S,42,97,9
2024/05/03 08:15,03F0783S,03F0846S,5,90,7
2024/05/03 08:15,03F0996N,03F0961N,31,104,77
2024/05/03 08:15,03F0996N,03F0961N,32,100,28
2024/05/03 08:15,03F0996N,03F0961N,41,86,2
2024/05/03 08:15,03F0996N,03F0961N,42,86,9
2024/05/03 08:15,03F0996N,03F0961N,5,81,14
2024/05/03 08:15,03F0846S,03F0961S,31,100,151
2024/05/03 08:15,03F0846S,03F0961S,32,100,53
2024/05/03 08:15,03F0846S,03F0961S,41,93,5
2024/05/03 08:15,03F0846S,03F0961S,42,88,16
2024/05/03 08:15,03F0846S,03F0961S,5,86,10
2024/05/03 08:15,01F0980S,03F0996N,31,3,11
2024/05/03 08:15,01F0980S,03F0996N,32,5,2
2024/05/03 08:15,01F0980S,03F0996N,41,0,0
2024/05/03 08:15,01F0980S,03F0996N,42,3,6
2024/05/03 08:15,01F0980S,03F0996N,5,0,0
2024/05/03 08:15,01F1045N,03F0996N,31,14,40
2024/05/03 08:15,01F1045N,03F0996N,32,14,10
2024/05/03 08:15,01F1045N,03F0996N,41,0,0
2024/05/03 08:15,01F1045N,03F0996N,42,25,1
2024/05/03 08:15,01F1045N,03F0996N,5,25,7
2024/05/03 08:15,03F1022N,03F0996N,31,93,87
2024/05/03 08:15,03F1022N,03F0996N,32,90,37
2024/05/03 08:15,03F1022N,03F0996N,41,82,3
2024/05/03 08:15,03F1022N,03F0996N,42,82,8
2024/05/03 08:15,03F1022N,03F0996N,5,77,10
2024/05/03 08:15,03F0961S,03F0996S,31,90,173
2024/05/03 08:15,03F0961S,03F0996S,32,84,62
2024/05/03 08:15,03F0961S,03F0996S,41,77,8
2024/05/03 08:15,03F0961S,03F0996S,42,75,14
2024/05/03 08:15,03F0961S,03F0996S,5,79,6
2024/05/03 08:15,03F1051N,03F1022N,31,100,128
2024/05/03 08:15,03F1051N,03F1022N,32,97,51
2024/05/03 08:15,03F1051N,03F1022N,41,90,2
2024/05/03 08:15,03F1051N,03F1022N,42,90,23
2024/05/03 08:15,03F1051N,03F1022N,5,82,21
2024/05/03 08:15,01F0980S,03F1022S,31,90,92
2024/05/03 08:15,01F0980S,03F1022S,32,82,27
2024/05/03 08:15,01F0980S,03F1022S,41,81,2
2024/05/03 08:15,01F0980S,03F1022S,42,79,5
2024/05/03 08:15,01F0980S,03F1022S,5,81,4
2024/05/03 08:15,01F1045N,03F1022S,31,73,4
2024/05/03 08:15,01F1045N,03F1022S,32,72,3
2024/05/03 08:15,01F1045N,03F1022S,41,0,0
2024/05/03 08:15,01F1045N,03F1022S,42,0,0
2024/05/03 08:15,01F1045N,03F1022S,5,3,1
2024/05/03 08:15,03F0996S,03F1022S,31,104,120
2024/05/03 08:15,03F0996S,03F1022S,32,100,30
2024/05/03 08:15,03F0996S,03F1022S,41,93,7
2024/05/03 08:15,03F0996S,03F1022S,42,93,12
2024/05/03 08:15,03F0996S,03F1022S,5,90,7
2024/05/03 08:15,03F1128N,03F1051N,31,104,121
2024/05/03 08:15,03F1128N,03F1051N,32,100,50
2024/05/03 08:15,03F1128N,03F1051N,41,100,1
2024/05/03 08:15,03F1128N,03F1051N,42,93,20
2024/05/03 08:15,03F1128N,03F1051N,5,90,18
2024/05/03 08:15,03F1022S,03F1051S,31,108,172
2024/05/03 08:15,03F1022S,03F1051S,32,104,39
2024/05/03 08:15,03F1022S,03F1051S,41,97,11
2024/05/03 08:15,03F1022S,03F1051S,42,93,16
2024/05/03 08:15,03F1022S,03F1051S,5,90,13
2024/05/03 08:15,03F1161N,03F1128N,31,104,87
2024/05/03 08:15,03F1161N,03F1128N,32,100,41
2024/05/03 08:15,03F1161N,03F1128N,41,0,0
2024/05/03 08:15,03F1161N,03F1128N,42,86,27
2024/05/03 08:15,03F1161N,03F1128N,5,86,9
2024/05/03 08:15,03F1051S,03F1128S,31,104,120
2024/05/03 08:15,03F1051S,03F1128S,32,104,33
2024/05/03 08:15,03F1051S,03F1128S,41,93,7
2024/05/03 08:15,03F1051S,03F1128S,42,88,8
2024/05/03 08:15,03F1051S,03F1128S,5,90,13
2024/05/03 08:15,03F1215N,03F1161N,31,111,46
2024/05/03 08:15,03F1215N,03F1161N,32,111,28
2024/05/03 08:15,03F1215N,03F1161N,41,0,0
2024/05/03 08:15,03F1215N,03F1161N,42,90,12
2024/05/03 08:15,03F1215N,03F1161N,5,90,8
2024/05/03 08:15,03F1128S,03F1161S,31,108,107
2024/05/03 08:15,03F1128S,03F1161S,32,104,49
2024/05/03 08:15,03F1128S,03F1161S,41,97,7
2024/05/03 08:15,03F1128S,03F1161S,42,86,15
2024/05/03 08:15,03F1128S,03F1161S,5,90,15
2024/05/03 08:15,03F1257N,03F1215N,31,115,55
2024/05/03 08:15,03F1257N,03F1215N,32,111,35
2024/05/03 08:15,03F1257N,03F1215N,41,108,1
2024/05/03 08:15,03F1257N,03F1215N,42,90,20
2024/05/03 08:15,03F1257N,03F1215N,5,90,9
2024/05/03 08:15,03F1161S,03F1215S,31,108,93
2024/05/03 08:15,03F1161S,03F1215S,32,104,36
2024/05/03 08:15,03F1161S,03F1215S,41,104,4
2024/05/03 08:15,03F1161S,03F1215S,42,90,15
2024/05/03 08:15,03F1161S,03F1215S,5,91,12
2024/05/03 08:15,03F1332N,03F1257N,31,111,48
2024/05/03 08:15,03F1332N,03F1257N,32,108,37
2024/05/03 08:15,03F1332N,03F1257N,41,100,4
2024/05/03 08:15,03F1332N,03F1257N,42,93,14
2024/05/03 08:15,03F1332N,03F1257N,5,88,12
2024/05/03 08:15,03F1215S,03F1257S,31,111,107
2024/05/03 08:15,03F1215S,03F1257S,32,111,32
2024/05/03 08:15,03F1215S,03F1257S,41,104,7
2024/05/03 08:15,03F1215S,03F1257S,42,90,9
2024/05/03 08:15,03F1215S,03F1257S,5,84,14
2024/05/03 08:15,03F1395N,03F1332N,31,111,62
2024/05/03 08:15,03F1395N,03F1332N,32,111,35
2024/05/03 08:15,03F1395N,03F1332N,41,0,0
2024/05/03 08:15,03F1395N,03F1332N,42,90,22
2024/05/03 08:15,03F1395N,03F1332N,5,88,14
2024/05/03 08:15,03F1257S,03F1332S,31,108,97
2024/05/03 08:15,03F1257S,03F1332S,32,108,31
2024/05/03 08:15,03F1257S,03F1332S,41,100,9
2024/05/03 08:15,03F1257S,03F1332S,42,90,13
2024/05/03 08:15,03F1257S,03F1332S,5,90,13
2024/05/03 08:15,03F1485N,03F1395N,31,111,52
2024/05/03 08:15,03F1485N,03F1395N,32,108,32
2024/05/03 08:15,03F1485N,03F1395N,41,100,1
2024/05/03 08:15,03F1485N,03F1395N,42,93,9
2024/05/03 08:15,03F1485N,03F1395N,5,93,13
2024/05/03 08:15,03F1332S,03F1395S,31,108,84
2024/05/03 08:15,03F1332S,03F1395S,32,104,39
2024/05/03 08:15,03F1332S,03F1395S,41,102,2
2024/05/03 08:15,03F1332S,03F1395S,42,86,11
2024/05/03 08:15,03F1332S,03F1395S,5,90,11
2024/05/03 08:15,03F1633N,03F1485N,31,111,64
2024/05/03 08:15,03F1633N,03F1485N,32,108,43
2024/05/03 08:15,03F1633N,03F1485N,41,104,1
2024/05/03 08:15,03F1633N,03F1485N,42,82,13
2024/05/03 08:15,03F1633N,03F1485N,5,81,8
2024/05/03 08:15,03F1395S,03F1485S,31,108,82
2024/05/03 08:15,03F1395S,03F1485S,32,108,31
2024/05/03 08:15,03F1395S,03F1485S,41,104,2
2024/05/03 08:15,03F1395S,03F1485S,42,90,10
2024/05/03 08:15,03F1395S,03F1485S,5,86,14
2024/05/03 08:15,03F1651N,03F1633N,31,111,73
2024/05/03 08:15,03F1651N,03F1633N,32,104,50
2024/05/03 08:15,03F1651N,03F1633N,41,104,3
2024/05/03 08:15,03F1651N,03F1633N,42,93,11
2024/05/03 08:15,03F1651N,03F1633N,5,88,10
2024/05/03 08:15,03F1485S,03F1633S,31,111,73
2024/05/03 08:15,03F1485S,03F1633S,32,111,42
2024/05/03 08:15,03F1485S,03F1633S,41,100,3
2024/05/03 08:15,03F1485S,03F1633S,42,82,15
2024/05/03 08:15,03F1485S,03F1633S,5,81,6
2024/05/03 08:15,01F1621S,03F1651N,31,0,0
2024/05/03 08:15,01F1621S,03F1651N,32,0,0
2024/05/03 08:15,01F1621S,03F1651N,41,0,0
2024/05/03 08:15,01F1621S,03F1651N,42,0,0
2024/05/03 08:15,01F1621S,03F1651N,5,0,0
2024/05/03 08:15,01F1664N,03F1651N,31,97,17
2024/05/03 08:15,01F1664N,03F1651N,32,93,6
2024/05/03 08:15,01F1664N,03F1651N,41,0,0
2024/05/03 08:15,01F1664N,03F1651N,42,100,1
2024/05/03 08:15,01F1664N,03F1651N,5,82,1
2024/05/03 08:15,03F1710N,03F1651N,31,108,64
2024/05/03 08:15,03F1710N,03F1651N,32,104,42
2024/05/03 08:15,03F1710N,03F1651N,41,93,1
2024/05/03 08:15,03F1710N,03F1651N,42,90,11
2024/05/03 08:15,03F1710N,03F1651N,5,90,7
2024/05/03 08:15,03F1633S,03F1651S,31,111,84
2024/05/03 08:15,03F1633S,03F1651S,32,111,52
2024/05/03 08:15,03F1633S,03F1651S,41,99,4
2024/05/03 08:15,03F1633S,03F1651S,42,95,18
2024/05/03 08:15,03F1633S,03F1651S,5,97,7
2024/05/03 08:15,03F1710S,03F1710N,31,3,4
2024/05/03 08:15,03F1710S,03F1710N,32,0,1
2024/05/03 08:15,03F1710S,03F1710N,41,0,0
2024/05/03 08:15,03F1710S,03F1710N,42,0,1
2024/05/03 08:15,03F1710S,03F1710N,5,3,1
2024/05/03 08:15,03F1739N,03F1710N,31,108,114
2024/05/03 08:15,03F1739N,03F1710N,32,104,61
2024/05/03 08:15,03F1739N,03F1710N,41,55,4
2024/05/03 08:15,03F1739N,03F1710N,42,91,22
2024/05/03 08:15,03F1739N,03F1710N,5,90,13
2024/05/03 08:15,01F1621S,03F1710S,31,100,2
2024/05/03 08:15,01F1621S,03F1710S,32,90,1
2024/05/03 08:15,01F1621S,03F1710S,41,0,0
2024/05/03 08:15,01F1621S,03F1710S,42,0,0
2024/05/03 08:15,01F1621S,03F1710S,5,68,1
2024/05/03 08:15,01F1664N,03F1710S,31,86,3
2024/05/03 08:15,01F1664N,03F1710S,32,82,2
2024/05/03 08:15,01F1664N,03F1710S,41,0,0
2024/05/03 08:15,01F1664N,03F1710S,42,0,0
2024/05/03 08:15,01F1664N,03F1710S,5,0,0
2024/05/03 08:15,03F1651S,03F1710S,31,106,94
2024/05/03 08:15,03F1651S,03F1710S,32,108,39
2024/05/03 08:15,03F1651S,03F1710S,41,97,11
2024/05/03 08:15,03F1651S,03F1710S,42,86,14
2024/05/03 08:15,03F1651S,03F1710S,5,91,6
2024/05/03 08:15,03F1779N,03F1739N,31,108,73
2024/05/03 08:15,03F1779N,03F1739N,32,108,37
2024/05/03 08:15,03F1779N,03F1739N,41,86,1
2024/05/03 08:15,03F1779N,03F1739N,42,91,16
2024/05/03 08:15,03F1779N,03F1739N,5,90,17
2024/05/03 08:15,03F1710S,03F1739S,31,108,133
2024/05/03 08:15,03F1710S,03F1739S,32,104,64
2024/05/03 08:15,03F1710S,03F1739S,41,102,6
2024/05/03 08:15,03F1710S,03F1739S,42,90,18
2024/05/03 08:15,03F1710S,03F1739S,5,86,11
2024/05/03 08:15,03F1739N,03F1739S,31,7,1
2024/05/03 08:15,03F1739N,03F1739S,32,0,1
2024/05/03 08:15,03F1739N,03F1739S,41,0,0
2024/05/03 08:15,03F1739N,03F1739S,42,0,1
2024/05/03 08:15,03F1739N,03F1739S,5,14,1
2024/05/03 08:15,03F1860N,03F1779N,31,108,59
2024/05/03 08:15,03F1860N,03F1779N,32,102,32
2024/05/03 08:15,03F1860N,03F1779N,41,100,2
2024/05/03 08:15,03F1860N,03F1779N,42,86,13
2024/05/03 08:15,03F1860N,03F1779N,5,82,16
2024/05/03 08:15,03F1739S,03F1779S,31,108,86
2024/05/03 08:15,03F1739S,03F1779S,32,100,51
2024/05/03 08:15,03F1739S,03F1779S,41,97,1
2024/05/03 08:15,03F1739S,03F1779S,42,90,15
2024/05/03 08:15,03F1739S,03F1779S,5,90,5
2024/05/03 08:15,03F1941N,03F1860N,31,108,82
2024/05/03 08:15,03F1941N,03F1860N,32,100,52
2024/05/03 08:15,03F1941N,03F1860N,41,93,1
2024/05/03 08:15,03F1941N,03F1860N,42,93,12
2024/05/03 08:15,03F1941N,03F1860N,5,90,12
2024/05/03 08:15,03F1779S,03F1860S,31,109,64
2024/05/03 08:15,03F1779S,03F1860S,32,104,39
2024/05/03 08:15,03F1779S,03F1860S,41,100,1
2024/05/03 08:15,03F1779S,03F1860S,42,90,15
2024/05/03 08:15,03F1779S,03F1860S,5,86,11
2024/05/03 08:15,01F1906S,03F1941N,31,79,16
2024/05/03 08:15,01F1906S,03F1941N,32,75,3
2024/05/03 08:15,01F1906S,03F1941N,41,0,0
2024/05/03 08:15,01F1906S,03F1941N,42,0,0
2024/05/03 08:15,01F1906S,03F1941N,5,72,1
2024/05/03 08:15,01F1960N,03F1941N,31,75,47
2024/05/03 08:15,01F1960N,03F1941N,32,75,16
2024/05/03 08:15,01F1960N,03F1941N,41,0,0
2024/05/03 08:15,01F1960N,03F1941N,42,68,12
2024/05/03 08:15,01F1960N,03F1941N,5,68,5
2024/05/03 08:15,03F1992N,03F1941N,31,108,125
2024/05/03 08:15,03F1992N,03F1941N,32,104,61
2024/05/03 08:15,03F1992N,03F1941N,41,97,4
2024/05/03 08:15,03F1992N,03F1941N,42,90,15
2024/05/03 08:15,03F1992N,03F1941N,5,91,16
2024/05/03 08:15,03F1860S,03F1944S,31,111,91
2024/05/03 08:15,03F1860S,03F1944S,32,108,42
2024/05/03 08:15,03F1860S,03F1944S,41,99,6
2024/05/03 08:15,03F1860S,03F1944S,42,93,19
2024/05/03 08:15,03F1860S,03F1944S,5,88,14
2024/05/03 08:15,01F1906S,03F1991S,31,79,4
2024/05/03 08:15,01F1906S,03F1991S,32,72,5
2024/05/03 08:15,01F1906S,03F1991S,41,0,0
2024/05/03 08:15,01F1906S,03F1991S,42,68,1
2024/05/03 08:15,01F1906S,03F1991S,5,68,6
2024/05/03 08:15,01F1960N,03F1991S,31,75,35
2024/05/03 08:15,01F1960N,03F1991S,32,72,13
2024/05/03 08:15,01F1960N,03F1991S,41,0,0
2024/05/03 08:15,01F1960N,03F1991S,42,68,3
2024/05/03 08:15,01F1960N,03F1991S,5,66,2
2024/05/03 08:15,03F1944S,03F1991S,31,111,79
2024/05/03 08:15,03F1944S,03F1991S,32,104,43
2024/05/03 08:15,03F1944S,03F1991S,41,97,8
2024/05/03 08:15,03F1944S,03F1991S,42,93,8
2024/05/03 08:15,03F1944S,03F1991S,5,88,12
2024/05/03 08:15,03F2066N,03F1992N,31,108,105
2024/05/03 08:15,03F2066N,03F1992N,32,100,72
2024/05/03 08:15,03F2066N,03F1992N,41,100,1
2024/05/03 08:15,03F2066N,03F1992N,42,84,12
2024/05/03 08:15,03F2066N,03F1992N,5,90,14
2024/05/03 08:15,03F2078N,03F2066N,31,97,151
2024/05/03 08:15,03F2078N,03F2066N,32,93,104
2024/05/03 08:15,03F2078N,03F2066N,41,0,0
2024/05/03 08:15,03F2078N,03F2066N,42,90,17
2024/05/03 08:15,03F2078N,03F2066N,5,91,18
2024/05/03 08:15,03F1991S,03F2066S,31,108,76
2024/05/03 08:15,03F1991S,03F2066S,32,100,40
2024/05/03 08:15,03F1991S,03F2066S,41,0,0
2024/05/03 08:15,03F1991S,03F2066S,42,93,16
2024/05/03 08:15,03F1991S,03F2066S,5,90,9
2024/05/03 08:15,03F2100N,03F2078N,31,97,177
2024/05/03 08:15,03F2100N,03F2078N,32,93,80
2024/05/03 08:15,03F2100N,03F2078N,41,0,0
2024/05/03 08:15,03F2100N,03F2078N,42,88,22
2024/05/03 08:15,03F2100N,03F2078N,5,90,19
2024/05/03 08:15,03F2066S,03F2079S,31,100,173
2024/05/03 08:15,03F2066S,03F2079S,32,97,66
2024/05/03 08:15,03F2066S,03F2079S,41,95,2
2024/05/03 08:15,03F2066S,03F2079S,42,88,20
2024/05/03 08:15,03F2066S,03F2079S,5,86,14
2024/05/03 08:15,03F2125N,03F2100N,31,104,122
2024/05/03 08:15,03F2125N,03F2100N,32,100,75
2024/05/03 08:15,03F2125N,03F2100N,41,0,0
2024/05/03 08:15,03F2125N,03F2100N,42,91,8
2024/05/03 08:15,03F2125N,03F2100N,5,93,26
2024/05/03 08:15,03F2079S,03F2100S,31,100,152
2024/05/03 08:15,03F2079S,03F2100S,32,97,77
2024/05/03 08:15,03F2079S,03F2100S,41,86,4
2024/05/03 08:15,03F2079S,03F2100S,42,88,24
2024/05/03 08:15,03F2079S,03F2100S,5,86,11
2024/05/03 08:15,03F2153N,03F2125N,31,104,187
2024/05/03 08:15,03F2153N,03F2125N,32,100,88
2024/05/03 08:15,03F2153N,03F2125N,41,93,3
2024/05/03 08:15,03F2153N,03F2125N,42,90,17
2024/05/03 08:15,03F2153N,03F2125N,5,90,17
2024/05/03 08:15,03F2100S,03F2129S,31,100,134
2024/05/03 08:15,03F2100S,03F2129S,32,97,69
2024/05/03 08:15,03F2100S,03F2129S,41,81,4
2024/05/03 08:15,03F2100S,03F2129S,42,90,17
2024/05/03 08:15,03F2100S,03F2129S,5,84,14
2024/05/03 08:15,03F2129S,03F2152S,31,104,218
2024/05/03 08:15,03F2129S,03F2152S,32,100,103
2024/05/03 08:15,03F2129S,03F2152S,41,93,6
2024/05/03 08:15,03F2129S,03F2152S,42,88,14
2024/05/03 08:15,03F2129S,03F2152S,5,82,7
2024/05/03 08:15,03F2194N,03F2153N,31,108,190
2024/05/03 08:15,03F2194N,03F2153N,32,100,82
2024/05/03 08:15,03F2194N,03F2153N,41,97,3
2024/05/03 08:15,03F2194N,03F2153N,42,93,16
2024/05/03 08:15,03F2194N,03F2153N,5,93,17
2024/05/03 08:15,03F2231N,03F2194N,31,111,177
2024/05/03 08:15,03F2231N,03F2194N,32,104,49
2024/05/03 08:15,03F2231N,03F2194N,41,100,2
2024/05/03 08:15,03F2231N,03F2194N,42,97,15
2024/05/03 08:15,03F2231N,03F2194N,5,93,14
2024/05/03 08:15,03F2152S,03F2194S,31,104,224
2024/05/03 08:15,03F2152S,03F2194S,32,100,100
2024/05/03 08:15,03F2152S,03F2194S,41,97,7
2024/05/03 08:15,03F2152S,03F2194S,42,90,11
2024/05/03 08:15,03F2152S,03F2194S,5,90,15
2024/05/03 08:15,03F2260N,03F2231N,31,104,119
2024/05/03 08:15,03F2260N,03F2231N,32,104,37
2024/05/03 08:15,03F2260N,03F2231N,41,93,3
2024/05/03 08:15,03F2260N,03F2231N,42,93,7
2024/05/03 08:15,03F2260N,03F2231N,5,86,11
2024/05/03 08:15,03F2194S,03F2235S,31,104,227
2024/05/03 08:15,03F2194S,03F2235S,32,100,93
2024/05/03 08:15,03F2194S,03F2235S,41,90,9
2024/05/03 08:15,03F2194S,03F2235S,42,93,13
2024/05/03 08:15,03F2194S,03F2235S,5,90,18
2024/05/03 08:15,03F2306N,03F2260N,31,108,84
2024/05/03 08:15,03F2306N,03F2260N,32,104,33
2024/05/03 08:15,03F2306N,03F2260N,41,0,0
2024/05/03 08:15,03F2306N,03F2260N,42,97,8
2024/05/03 08:15,03F2306N,03F2260N,5,90,12
2024/05/03 08:15,03F2235S,03F2261S,31,100,162
2024/05/03 08:15,03F2235S,03F2261S,32,97,64
2024/05/03 08:15,03F2235S,03F2261S,41,90,5
2024/05/03 08:15,03F2235S,03F2261S,42,93,12
2024/05/03 08:15,03F2235S,03F2261S,5,91,12
2024/05/03 08:15,03F2306S,03F2306N,31,1,2
2024/05/03 08:15,03F2306S,03F2306N,32,0,0
2024/05/03 08:15,03F2306S,03F2306N,41,0,0
2024/05/03 08:15,03F2306S,03F2306N,42,0,0
2024/05/03 08:15,03F2306S,03F2306N,5,0,1
2024/05/03 08:15,03F2336N,03F2306N,31,104,88
2024/05/03 08:15,03F2336N,03F2306N,32,108,31
2024/05/03 08:15,03F2336N,03F2306N,41,0,0
2024/05/03 08:15,03F2336N,03F2306N,42,82,8
2024/05/03 08:15,03F2336N,03F2306N,5,86,13
2024/05/03 08:15,03F2261S,03F2306S,31,108,111
2024/05/03 08:15,03F2261S,03F2306S,32,102,48
2024/05/03 08:15,03F2261S,03F2306S,41,100,3
2024/05/03 08:15,03F2261S,03F2306S,42,95,14
2024/05/03 08:15,03F2261S,03F2306S,5,88,8
2024/05/03 08:15,03F2415N,03F2336N,31,108,57
2024/05/03 08:15,03F2415N,03F2336N,32,109,20
2024/05/03 08:15,03F2415N,03F2336N,41,0,0
2024/05/03 08:15,03F2415N,03F2336N,42,75,5
2024/05/03 08:15,03F2415N,03F2336N,5,86,6
2024/05/03 08:15,03F2306S,03F2336S,31,108,130
2024/05/03 08:15,03F2306S,03F2336S,32,100,54
2024/05/03 08:15,03F2306S,03F2336S,41,99,6
2024/05/03 08:15,03F2306S,03F2336S,42,93,13
2024/05/03 08:15,03F2306S,03F2336S,5,93,6
2024/05/03 08:15,03F2336N,03F2336S,31,7,5
2024/05/03 08:15,03F2336N,03F2336S,32,0,0
2024/05/03 08:15,03F2336N,03F2336S,41,0,0
2024/05/03 08:15,03F2336N,03F2336S,42,0,0
2024/05/03 08:15,03F2336N,03F2336S,5,0,0
2024/05/03 08:15,03F2447N,03F2415N,31,109,52
2024/05/03 08:15,03F2447N,03F2415N,32,108,23
2024/05/03 08:15,03F2447N,03F2415N,41,86,2
2024/05/03 08:15,03F2447N,03F2415N,42,81,4
2024/05/03 08:15,03F2447N,03F2415N,5,86,9
2024/05/03 08:15,03F2336S,03F2415S,31,108,95
2024/05/03 08:15,03F2336S,03F2415S,32,108,28
2024/05/03 08:15,03F2336S,03F2415S,41,100,9
2024/05/03 08:15,03F2336S,03F2415S,42,95,8
2024/05/03 08:15,03F2336S,03F2415S,5,79,3
2024/05/03 08:15,03F2535N,03F2447N,31,111,42
2024/05/03 08:15,03F2535N,03F2447N,32,104,25
2024/05/03 08:15,03F2535N,03F2447N,41,95,2
2024/05/03 08:15,03F2535N,03F2447N,42,104,3
2024/05/03 08:15,03F2535N,03F2447N,5,90,16
2024/05/03 08:15,03F2415S,03F2447S,31,108,62
2024/05/03 08:15,03F2415S,03F2447S,32,106,28
2024/05/03 08:15,03F2415S,03F2447S,41,91,2
2024/05/03 08:15,03F2415S,03F2447S,42,97,9
2024/05/03 08:15,03F2415S,03F2447S,5,86,4
2024/05/03 08:15,03F2614N,03F2535N,31,109,36
2024/05/03 08:15,03F2614N,03F2535N,32,108,18
2024/05/03 08:15,03F2614N,03F2535N,41,108,3
2024/05/03 08:15,03F2614N,03F2535N,42,82,4
2024/05/03 08:15,03F2614N,03F2535N,5,93,4
2024/05/03 08:15,03F2447S,03F2535S,31,111,56
2024/05/03 08:15,03F2447S,03F2535S,32,108,29
2024/05/03 08:15,03F2447S,03F2535S,41,104,3
2024/05/03 08:15,03F2447S,03F2535S,42,93,6
2024/05/03 08:15,03F2447S,03F2535S,5,88,4
2024/05/03 08:15,03F2709N,03F2614N,31,108,34
2024/05/03 08:15,03F2709N,03F2614N,32,108,15
2024/05/03 08:15,03F2709N,03F2614N,41,108,1
2024/05/03 08:15,03F2709N,03F2614N,42,0,0
2024/05/03 08:15,03F2709N,03F2614N,5,88,2
2024/05/03 08:15,03F2535S,03F2614S,31,111,49
2024/05/03 08:15,03F2535S,03F2614S,32,106,20
2024/05/03 08:15,03F2535S,03F2614S,41,102,4
2024/05/03 08:15,03F2535S,03F2614S,42,91,4
2024/05/03 08:15,03F2535S,03F2614S,5,75,2
2024/05/03 08:15,03F2747N,03F2709N,31,108,38
2024/05/03 08:15,03F2747N,03F2709N,32,104,15
2024/05/03 08:15,03F2747N,03F2709N,41,0,0
2024/05/03 08:15,03F2747N,03F2709N,42,79,10
2024/05/03 08:15,03F2747N,03F2709N,5,86,4
2024/05/03 08:15,03F2614S,03F2709S,31,111,40
2024/05/03 08:15,03F2614S,03F2709S,32,104,11
2024/05/03 08:15,03F2614S,03F2709S,41,100,5
2024/05/03 08:15,03F2614S,03F2709S,42,86,4
2024/05/03 08:15,03F2614S,03F2709S,5,82,4
2024/05/03 08:15,03F2747S,03F2747N,31,3,1
2024/05/03 08:15,03F2747S,03F2747N,32,7,3
2024/05/03 08:15,03F2747S,03F2747N,41,0,0
2024/05/03 08:15,03F2747S,03F2747N,42,0,0
2024/05/03 08:15,03F2747S,03F2747N,5,3,1
2024/05/03 08:15,03F2777N,03F2747N,31,108,53
2024/05/03 08:15,03F2777N,03F2747N,32,100,22
2024/05/03 08:15,03F2777N,03F2747N,41,0,0
2024/05/03 08:15,03F2777N,03F2747N,42,93,9
2024/05/03 08:15,03F2777N,03F2747N,5,90,5
2024/05/03 08:15,03F2709S,03F2747S,31,108,54
2024/05/03 08:15,03F2709S,03F2747S,32,104,21
2024/05/03 08:15,03F2709S,03F2747S,41,99,4
2024/05/03 08:15,03F2709S,03F2747S,42,82,4
2024/05/03 08:15,03F2709S,03F2747S,5,82,4
2024/05/03 08:15,03F2840N,03F2777N,31,108,47
2024/05/03 08:15,03F2840N,03F2777N,32,102,14
2024/05/03 08:15,03F2840N,03F2777N,41,0,0
2024/05/03 08:15,03F2840N,03F2777N,42,97,7
2024/05/03 08:15,03F2840N,03F2777N,5,90,3
2024/05/03 08:15,03F2747S,03F2777S,31,108,50
2024/05/03 08:15,03F2747S,03F2777S,32,102,20
2024/05/03 08:15,03F2747S,03F2777S,41,57,4
2024/05/03 08:15,03F2747S,03F2777S,42,93,5
2024/05/03 08:15,03F2747S,03F2777S,5,86,5
2024/05/03 08:15,03F2777N,03F2777S,31,3,1
2024/05/03 08:15,03F2777N,03F2777S,32,0,0
2024/05/03 08:15,03F2777N,03F2777S,41,0,0
2024/05/03 08:15,03F2777N,03F2777S,42,3,1
2024/05/03 08:15,03F2777N,03F2777S,5,0,0
2024/05/03 08:15,03F2899N,03F2840N,31,108,39
2024/05/03 08:15,03F2899N,03F2840N,32,100,28
2024/05/03 08:15,03F2899N,03F2840N,41,97,1
2024/05/03 08:15,03F2899N,03F2840N,42,86,3
2024/05/03 08:15,03F2899N,03F2840N,5,91,4
2024/05/03 08:15,03F2777S,03F2840S,31,111,48
2024/05/03 08:15,03F2777S,03F2840S,32,108,22
2024/05/03 08:15,03F2777S,03F2840S,41,104,5
2024/05/03 08:15,03F2777S,03F2840S,42,104,3
2024/05/03 08:15,03F2777S,03F2840S,5,91,2
2024/05/03 08:15,03F2923N,03F2899N,31,111,27
2024/05/03 08:15,03F2923N,03F2899N,32,108,19
2024/05/03 08:15,03F2923N,03F2899N,41,97,3
2024/05/03 08:15,03F2923N,03F2899N,42,97,11
2024/05/03 08:15,03F2923N,03F2899N,5,90,2
2024/05/03 08:15,03F2840S,03F2899S,31,111,51
2024/05/03 08:15,03F2840S,03F2899S,32,108,16
2024/05/03 08:15,03F2840S,03F2899S,41,100,4
2024/05/03 08:15,03F2840S,03F2899S,42,86,5
2024/05/03 08:15,03F2840S,03F2899S,5,97,2
2024/05/03 08:15,03F2985N,03F2923N,31,86,37
2024/05/03 08:15,03F2985N,03F2923N,32,86,18
2024/05/03 08:15,03F2985N,03F2923N,41,79,3
2024/05/03 08:15,03F2985N,03F2923N,42,79,17
2024/05/03 08:15,03F2985N,03F2923N,5,72,3
2024/05/03 08:15,03F2899S,03F2923S,31,111,44
2024/05/03 08:15,03F2899S,03F2923S,32,104,21
2024/05/03 08:15,03F2899S,03F2923S,41,100,3
2024/05/03 08:15,03F2899S,03F2923S,42,82,7
2024/05/03 08:15,03F2899S,03F2923S,5,97,3
2024/05/03 08:15,03F3101N,03F2985N,31,108,34
2024/05/03 08:15,03F3101N,03F2985N,32,108,14
2024/05/03 08:15,03F3101N,03F2985N,41,0,0
2024/05/03 08:15,03F3101N,03F2985N,42,100,7
2024/05/03 08:15,03F3101N,03F2985N,5,86,7
2024/05/03 08:15,03F2923S,03F2985S,31,108,42
2024/05/03 08:15,03F2923S,03F2985S,32,100,21
2024/05/03 08:15,03F2923S,03F2985S,41,100,1
2024/05/03 08:15,03F2923S,03F2985S,42,97,5
2024/05/03 08:15,03F2923S,03F2985S,5,82,3
2024/05/03 08:15,03F3187N,03F3101N,31,109,32
2024/05/03 08:15,03F3187N,03F3101N,32,104,16
2024/05/03 08:15,03F3187N,03F3101N,41,97,2
2024/05/03 08:15,03F3187N,03F3101N,42,97,7
2024/05/03 08:15,03F3187N,03F3101N,5,82,3
2024/05/03 08:15,03F2985S,03F3101S,31,111,38
2024/05/03 08:15,03F2985S,03F3101S,32,104,25
2024/05/03 08:15,03F2985S,03F3101S,41,90,6
2024/05/03 08:15,03F2985S,03F3101S,42,86,3
2024/05/03 08:15,03F2985S,03F3101S,5,86,1
2024/05/03 08:15,03F3187S,03F3187N,31,0,0
2024/05/03 08:15,03F3187S,03F3187N,32,0,1
2024/05/03 08:15,03F3187S,03F3187N,41,0,0
2024/05/03 08:15,03F3187S,03F3187N,42,0,0
2024/05/03 08:15,03F3187S,03F3187N,5,0,0
2024/05/03 08:15,03F3211N,03F3187N,31,111,53
2024/05/03 08:15,03F3211N,03F3187N,32,100,23
2024/05/03 08:15,03F3211N,03F3187N,41,100,11
2024/05/03 08:15,03F3211N,03F3187N,42,100,1
2024/05/03 08:15,03F3211N,03F3187N,5,90,3
2024/05/03 08:15,03F3101S,03F3187S,31,111,40
2024/05/03 08:15,03F3101S,03F3187S,32,108,13
2024/05/03 08:15,03F3101S,03F3187S,41,0,0
2024/05/03 08:15,03F3101S,03F3187S,42,77,4
2024/05/03 08:15,03F3101S,03F3187S,5,86,6
2024/05/03 08:15,03F3259N,03F3211N,31,111,52
2024/05/03 08:15,03F3259N,03F3211N,32,108,23
2024/05/03 08:15,03F3259N,03F3211N,41,102,12
2024/05/03 08:15,03F3259N,03F3211N,42,100,3
2024/05/03 08:15,03F3259N,03F3211N,5,91,4
2024/05/03 08:15,03F3187S,03F3211S,31,108,45
2024/05/03 08:15,03F3187S,03F3211S,32,108,16
2024/05/03 08:15,03F3187S,03F3211S,41,100,1
2024/05/03 08:15,03F3187S,03F3211S,42,93,5
2024/05/03 08:15,03F3187S,03F3211S,5,90,9
2024/05/03 08:15,03F3211N,03F3211S,31,7,1
2024/05/03 08:15,03F3211N,03F3211S,32,0,0
2024/05/03 08:15,03F3211N,03F3211S,41,0,1
2024/05/03 08:15,03F3211N,03F3211S,42,0,0
2024/05/03 08:15,03F3211N,03F3211S,5,0,1
2024/05/03 08:15,03F3307N,03F3259N,31,108,51
2024/05/03 08:15,03F3307N,03F3259N,32,108,28
2024/05/03 08:15,03F3307N,03F3259N,41,104,4
2024/05/03 08:15,03F3307N,03F3259N,42,93,8
2024/05/03 08:15,03F3307N,03F3259N,5,90,4
2024/05/03 08:15,03F3211S,03F3259S,31,111,47
2024/05/03 08:15,03F3211S,03F3259S,32,108,19
2024/05/03 08:15,03F3211S,03F3259S,41,108,2
2024/05/03 08:15,03F3211S,03F3259S,42,102,4
2024/05/03 08:15,03F3211S,03F3259S,5,90,6
2024/05/03 08:15,03F3392N,03F3307N,31,108,74
2024/05/03 08:15,03F3392N,03F3307N,32,108,33
2024/05/03 08:15,03F3392N,03F3307N,41,108,6
2024/05/03 08:15,03F3392N,03F3307N,42,90,13
2024/05/03 08:15,03F3392N,03F3307N,5,88,6
2024/05/03 08:15,03F3259S,03F3307S,31,111,49
2024/05/03 08:15,03F3259S,03F3307S,32,108,19
2024/05/03 08:15,03F3259S,03F3307S,41,99,2
2024/05/03 08:15,03F3259S,03F3307S,42,95,8
2024/05/03 08:15,03F3259S,03F3307S,5,86,8
2024/05/03 08:15,03F3445N,03F3392N,31,108,77
2024/05/03 08:15,03F3445N,03F3392N,32,104,30
2024/05/03 08:15,03F3445N,03F3392N,41,108,1
2024/05/03 08:15,03F3445N,03F3392N,42,90,8
2024/05/03 08:15,03F3445N,03F3392N,5,90,4
2024/05/03 08:15,03F3307S,03F3392S,31,93,74
2024/05/03 08:15,03F3307S,03F3392S,32,90,25
2024/05/03 08:15,03F3307S,03F3392S,41,86,2
2024/05/03 08:15,03F3307S,03F3392S,42,81,4
2024/05/03 08:15,03F3307S,03F3392S,5,82,11
2024/05/03 08:15,01F3126S,03F3445N,31,0,0
2024/05/03 08:15,01F3126S,03F3445N,32,0,0
2024/05/03 08:15,01F3126S,03F3445N,41,0,0
2024/05/03 08:15,01F3126S,03F3445N,42,0,0
2024/05/03 08:15,01F3126S,03F3445N,5,0,0
2024/05/03 08:15,01F3185N,03F3445N,31,86,22
2024/05/03 08:15,01F3185N,03F3445N,32,79,5
2024/05/03 08:15,01F3185N,03F3445N,41,0,0
2024/05/03 08:15,01F3185N,03F3445N,42,86,1
2024/05/03 08:15,01F3185N,03F3445N,5,0,0
2024/05/03 08:15,03F3496N,03F3445N,31,108,59
2024/05/03 08:15,03F3496N,03F3445N,32,100,27
2024/05/03 08:15,03F3496N,03F3445N,41,100,1
2024/05/03 08:15,03F3496N,03F3445N,42,93,11
2024/05/03 08:15,03F3496N,03F3445N,5,88,4
2024/05/03 08:15,03F3392S,03F3445S,31,108,53
2024/05/03 08:15,03F3392S,03F3445S,32,106,20
2024/05/03 08:15,03F3392S,03F3445S,41,97,2
2024/05/03 08:15,03F3392S,03F3445S,42,95,6
2024/05/03 08:15,03F3392S,03F3445S,5,90,10
2024/05/03 08:15,03F3588N,03F3496N,31,108,77
2024/05/03 08:15,03F3588N,03F3496N,32,104,37
2024/05/03 08:15,03F3588N,03F3496N,41,97,1
2024/05/03 08:15,03F3588N,03F3496N,42,91,12
2024/05/03 08:15,03F3588N,03F3496N,5,86,16
2024/05/03 08:15,01F3126S,03F3496S,31,86,8
2024/05/03 08:15,01F3126S,03F3496S,32,86,1
2024/05/03 08:15,01F3126S,03F3496S,41,0,0
2024/05/03 08:15,01F3126S,03F3496S,42,90,1
2024/05/03 08:15,01F3126S,03F3496S,5,75,3
2024/05/03 08:15,01F3185N,03F3496S,31,59,2
2024/05/03 08:15,01F3185N,03F3496S,32,0,0
2024/05/03 08:15,01F3185N,03F3496S,41,0,0
2024/05/03 08:15,01F3185N,03F3496S,42,0,0
2024/05/03 08:15,01F3185N,03F3496S,5,93,2
2024/05/03 08:15,03F3445S,03F3496S,31,108,54
2024/05/03 08:15,03F3445S,03F3496S,32,102,22
2024/05/03 08:15,03F3445S,03F3496S,41,0,0
2024/05/03 08:15,03F3445S,03F3496S,42,93,7
2024/05/03 08:15,03F3445S,03F3496S,5,86,12
2024/05/03 08:15,03F3670N,03F3588N,31,111,61
2024/05/03 08:15,03F3670N,03F3588N,32,108,35
2024/05/03 08:15,03F3670N,03F3588N,41,99,10
2024/05/03 08:15,03F3670N,03F3588N,42,90,17
2024/05/03 08:15,03F3670N,03F3588N,5,90,19
2024/05/03 08:15,03F3496S,03F3588S,31,111,33
2024/05/03 08:15,03F3496S,03F3588S,32,108,24
2024/05/03 08:15,03F3496S,03F3588S,41,102,2
2024/05/03 08:15,03F3496S,03F3588S,42,97,5
2024/05/03 08:15,03F3496S,03F3588S,5,90,22
2024/05/03 08:15,03F3743N,03F3670N,31,108,78
2024/05/03 08:15,03F3743N,03F3670N,32,104,42
2024/05/03 08:15,03F3743N,03F3670N,41,97,3
2024/05/03 08:15,03F3743N,03F3670N,42,90,9
2024/05/03 08:15,03F3743N,03F3670N,5,86,23
2024/05/03 08:15,03F3588S,03F3670S,31,108,53
2024/05/03 08:15,03F3588S,03F3670S,32,108,38
2024/05/03 08:15,03F3588S,03F3670S,41,91,2
2024/05/03 08:15,03F3588S,03F3670S,42,90,11
2024/05/03 08:15,03F3588S,03F3670S,5,90,17
2024/05/03 08:15,01F3590S,03F3743N,31,0,0
2024/05/03 08:15,01F3590S,03F3743N,32,0,0
2024/05/03 08:15,01F3590S,03F3743N,41,0,0
2024/05/03 08:15,01F3590S,03F3743N,42,0,0
2024/05/03 08:15,01F3590S,03F3743N,5,0,0
2024/05/03 08:15,01F3640N,03F3743N,31,97,13
2024/05/03 08:15,01F3640N,03F3743N,32,91,4
2024/05/03 08:15,01F3640N,03F3743N,41,82,3
2024/05/03 08:15,01F3640N,03F3743N,42,82,1
2024/05/03 08:15,01F3640N,03F3743N,5,86,3
2024/05/03 08:15,03F3854N,03F3743N,31,108,46
2024/05/03 08:15,03F3854N,03F3743N,32,100,20
2024/05/03 08:15,03F3854N,03F3743N,41,0,0
2024/05/03 08:15,03F3854N,03F3743N,42,90,13
2024/05/03 08:15,03F3854N,03F3743N,5,86,7
2024/05/03 08:15,03F3670S,03F3743S,31,108,55
2024/05/03 08:15,03F3670S,03F3743S,32,102,32
2024/05/03 08:15,03F3670S,03F3743S,41,100,5
2024/05/03 08:15,03F3670S,03F3743S,42,100,10
2024/05/03 08:15,03F3670S,03F3743S,5,86,23
2024/05/03 08:15,03F3916N,03F3854N,31,104,61
2024/05/03 08:15,03F3916N,03F3854N,32,100,44
2024/05/03 08:15,03F3916N,03F3854N,41,100,6
2024/05/03 08:15,03F3916N,03F3854N,42,93,7
2024/05/03 08:15,03F3916N,03F3854N,5,93,6
2024/05/03 08:15,01F3590S,03F3854S,31,0,0
2024/05/03 08:15,01F3590S,03F3854S,32,0,0
2024/05/03 08:15,01F3590S,03F3854S,41,0,0
2024/05/03 08:15,01F3590S,03F3854S,42,0,0
2024/05/03 08:15,01F3590S,03F3854S,5,0,0
2024/05/03 08:15,01F3640N,03F3854S,31,91,6
2024/05/03 08:15,01F3640N,03F3854S,32,88,2
2024/05/03 08:15,01F3640N,03F3854S,41,0,0
2024/05/03 08:15,01F3640N,03F3854S,42,0,0
2024/05/03 08:15,01F3640N,03F3854S,5,0,0
2024/05/03 08:15,03F3743S,03F3854S,31,108,30
2024/05/03 08:15,03F3743S,03F3854S,32,104,22
2024/05/03 08:15,03F3743S,03F3854S,41,97,3
2024/05/03 08:15,03F3743S,03F3854S,42,104,5
2024/05/03 08:15,03F3743S,03F3854S,5,88,4
2024/05/03 08:15,03F3984N,03F3916N,31,104,41
2024/05/03 08:15,03F3984N,03F3916N,32,100,30
2024/05/03 08:15,03F3984N,03F3916N,41,0,0
2024/05/03 08:15,03F3984N,03F3916N,42,90,13
2024/05/03 08:15,03F3984N,03F3916N,5,86,5
2024/05/03 08:15,03F3854S,03F3916S,31,111,57
2024/05/03 08:15,03F3854S,03F3916S,32,108,29
2024/05/03 08:15,03F3854S,03F3916S,41,100,3
2024/05/03 08:15,03F3854S,03F3916S,42,90,12
2024/05/03 08:15,03F3854S,03F3916S,5,93,5
2024/05/03 08:15,03F3916S,03F3981S,31,104,58
2024/05/03 08:15,03F3916S,03F3981S,32,102,28
2024/05/03 08:15,03F3916S,03F3981S,41,0,0
2024/05/03 08:15,03F3916S,03F3981S,42,82,11
2024/05/03 08:15,03F3916S,03F3981S,5,79,3
2024/05/03 08:15,03F4021N,03F3984N,31,108,35
2024/05/03 08:15,03F4021N,03F3984N,32,100,18
2024/05/03 08:15,03F4021N,03F3984N,41,90,1
2024/05/03 08:15,03F4021N,03F3984N,42,77,6
2024/05/03 08:15,03F4021N,03F3984N,5,88,2
2024/05/03 08:15,03F3981S,03F4018S,31,104,48
2024/05/03 08:15,03F3981S,03F4018S,32,108,15
2024/05/03 08:15,03F3981S,03F4018S,41,0,0
2024/05/03 08:15,03F3981S,03F4018S,42,82,4
2024/05/03 08:15,03F3981S,03F4018S,5,0,0
2024/05/03 08:15,03F4142N,03F4021N,31,108,39
2024/05/03 08:15,03F4142N,03F4021N,32,99,18
2024/05/03 08:15,03F4142N,03F4021N,41,0,0
2024/05/03 08:15,03F4142N,03F4021N,42,72,2
2024/05/03 08:15,03F4142N,03F4021N,5,88,4
2024/05/03 08:15,03F4168N,03F4142N,31,108,25
2024/05/03 08:15,03F4168N,03F4142N,32,111,9
2024/05/03 08:15,03F4168N,03F4142N,41,0,0
2024/05/03 08:15,03F4168N,03F4142N,42,93,2
2024/05/03 08:15,03F4168N,03F4142N,5,86,4
2024/05/03 08:15,03F4018S,03F4142S,31,108,31
2024/05/03 08:15,03F4018S,03F4142S,32,104,27
2024/05/03 08:15,03F4018S,03F4142S,41,0,0
2024/05/03 08:15,03F4018S,03F4142S,42,90,9
2024/05/03 08:15,03F4018S,03F4142S,5,79,2
2024/05/03 08:15,03F4232N,03F4168N,31,108,35
2024/05/03 08:15,03F4232N,03F4168N,32,102,14
2024/05/03 08:15,03F4232N,03F4168N,41,91,2
2024/05/03 08:15,03F4232N,03F4168N,42,86,3
2024/05/03 08:15,03F4232N,03F4168N,5,90,5
2024/05/03 08:15,03F4142S,03F4168S,31,108,34
2024/05/03 08:15,03F4142S,03F4168S,32,104,19
2024/05/03 08:15,03F4142S,03F4168S,41,0,0
2024/05/03 08:15,03F4142S,03F4168S,42,97,6
2024/05/03 08:15,03F4142S,03F4168S,5,93,2
2024/05/03 08:15,03F4259N,03F4232N,31,104,15
2024/05/03 08:15,03F4259N,03F4232N,32,91,4
2024/05/03 08:15,03F4259N,03F4232N,41,0,0
2024/05/03 08:15,03F4259N,03F4232N,42,91,2
2024/05/03 08:15,03F4259N,03F4232N,5,86,1
2024/05/03 08:15,03F4168S,03F4232S,31,108,64
2024/05/03 08:15,03F4168S,03F4232S,32,100,31
2024/05/03 08:15,03F4168S,03F4232S,41,0,0
2024/05/03 08:15,03F4168S,03F4232S,42,91,6
2024/05/03 08:15,03F4168S,03F4232S,5,90,7
2024/05/03 08:15,03F4232S,03F4263S,31,113,32
2024/05/03 08:15,03F4232S,03F4263S,32,108,6
2024/05/03 08:15,03F4232S,03F4263S,41,0,0
2024/05/03 08:15,03F4232S,03F4263S,42,91,2
2024/05/03 08:15,03F4232S,03F4263S,5,75,1
2024/05/03 08:15,03F0158S,05F0000S,31,36,48
2024/05/03 08:15,03F0158S,05F0000S,32,36,22
2024/05/03 08:15,03F0158S,05F0000S,41,32,1
2024/05/03 08:15,03F0158S,05F0000S,42,32,1
2024/05/03 08:15,03F0158S,05F0000S,5,0,0
2024/05/03 08:15,03F0201N,05F0000S,31,50,14
2024/05/03 08:15,03F0201N,05F0000S,32,50,9
2024/05/03 08:15,03F0201N,05F0000S,41,43,3
2024/05/03 08:15,03F0201N,05F0000S,42,0,0
2024/05/03 08:15,03F0201N,05F0000S,5,0,0
2024/05/03 08:15,05F0055N,05F0001N,31,79,134
2024/05/03 08:15,05F0055N,05F0001N,32,79,46
2024/05/03 08:15,05F0055N,05F0001N,41,75,9
2024/05/03 08:15,05F0055N,05F0001N,42,0,0
2024/05/03 08:15,05F0055N,05F0001N,5,0,0
2024/05/03 08:15,05F0287N,05F0055N,31,82,88
2024/05/03 08:15,05F0287N,05F0055N,32,82,38
2024/05/03 08:15,05F0287N,05F0055N,41,79,5
2024/05/03 08:15,05F0287N,05F0055N,42,0,0
2024/05/03 08:15,05F0287N,05F0055N,5,0,0
2024/05/03 08:15,05F0000S,05F0055S,31,75,63
2024/05/03 08:15,05F0000S,05F0055S,32,79,25
2024/05/03 08:15,05F0000S,05F0055S,41,75,3
2024/05/03 08:15,05F0000S,05F0055S,42,0,0
2024/05/03 08:15,05F0000S,05F0055S,5,0,0
2024/05/03 08:15,05F0309N,05F0287N,31,86,80
2024/05/03 08:15,05F0309N,05F0287N,32,82,36
2024/05/03 08:15,05F0309N,05F0287N,41,79,7
2024/05/03 08:15,05F0309N,05F0287N,42,0,0
2024/05/03 08:15,05F0309N,05F0287N,5,0,0
2024/05/03 08:15,05F0055S,05F0287S,31,82,51
2024/05/03 08:15,05F0055S,05F0287S,32,82,31
2024/05/03 08:15,05F0055S,05F0287S,41,77,4
2024/05/03 08:15,05F0055S,05F0287S,42,0,0
2024/05/03 08:15,05F0055S,05F0287S,5,0,0
2024/05/03 08:15,05F0438N,05F0309N,31,97,39
2024/05/03 08:15,05F0438N,05F0309N,32,90,14
2024/05/03 08:15,05F0438N,05F0309N,41,93,3
2024/05/03 08:15,05F0438N,05F0309N,42,82,2
2024/05/03 08:15,05F0438N,05F0309N,5,82,6
2024/05/03 08:15,05F0287S,05F0309S,31,86,39
2024/05/03 08:15,05F0287S,05F0309S,32,86,30
2024/05/03 08:15,05F0287S,05F0309S,41,81,2
2024/05/03 08:15,05F0287S,05F0309S,42,0,0
2024/05/03 08:15,05F0287S,05F0309S,5,0,0
2024/05/03 08:15,05F0528N,05F0438N,31,99,18
2024/05/03 08:15,05F0528N,05F0438N,32,93,7
2024/05/03 08:15,05F0528N,05F0438N,41,84,2
2024/05/03 08:15,05F0528N,05F0438N,42,82,3
2024/05/03 08:15,05F0528N,05F0438N,5,86,4
2024/05/03 08:15,05F0309S,05F0439S,31,93,27
2024/05/03 08:15,05F0309S,05F0439S,32,88,16
2024/05/03 08:15,05F0309S,05F0439S,41,90,1
2024/05/03 08:15,05F0309S,05F0439S,42,88,2
2024/05/03 08:15,05F0309S,05F0439S,5,86,1
2024/05/03 08:15,05FR113S,05F0439S,31,100,51
2024/05/03 08:15,05FR113S,05F0439S,32,93,14
2024/05/03 08:15,05FR113S,05F0439S,41,0,0
2024/05/03 08:15,05FR113S,05F0439S,42,93,1
2024/05/03 08:15,05FR113S,05F0439S,5,108,2
2024/05/03 08:15,05F0439S,05F0494S,31,93,34
2024/05/03 08:15,05F0439S,05F0494S,32,91,12
2024/05/03 08:15,05F0439S,05F0494S,41,0,0
2024/05/03 08:15,05F0439S,05F0494S,42,79,1
2024/05/03 08:15,05F0439S,05F0494S,5,93,5
2024/05/03 08:15,05F0438N,05FR143N,31,108,24
2024/05/03 08:15,05F0438N,05FR143N,32,97,9
2024/05/03 08:15,05F0438N,05FR143N,41,0,0
2024/05/03 08:15,05F0438N,05FR143N,42,100,1
2024/05/03 08:15,05F0438N,05FR143N,5,90,1
